0.0053862328160132105, 0.0719646715043092, 0.25282517324126885, 0.5055998361526102, 3.4212352873798717, 1.0498468370145826, 0.6399795465386416, 0.6616571920183709, 0.6254450818082251, 1.2996368263515394, 1.2576865850662098, 0.5585231803310685, 0.22605638922741975, 0.08718662036297352, 0.020282970812923462, 0.004811634744276283
0.0068849527990141055, 0.09385659951819061, 0.342387206372769, 0.7242592981088687, 5.978269714670548, 1.2829586227463252, 0.945003663942009, 1.1206430245166874, 1.1866456620664398, 2.6443287653382743, 2.414146486974062, 0.809699029102363, 0.2723071079242815, 0.09265619105589076, 0.020040814882209292, 0.0036399979186308817
0.005336248691501335, 0.07336807032780254, 0.27171914551316345, 0.5868019802805333, 5.2054619310334855, 1.4687985844214273, 0.8322449551263642, 0.9039306997372536, 0.9129615192475453, 2.0376724181690444, 1.9589598544219053, 0.7391190997219436, 0.27205282109919493, 0.09847301046105808, 0.02199059229496247, 0.004739522786245134
0.004858024240055465, 0.06557930149282166, 0.23676533126327487, 0.49783175085512815, 4.170212793902142, 1.1942723218796583, 0.6576382311242591, 0.7099198027859136, 0.7221915965455303, 1.7011057385132642, 1.5835652521592563, 0.5938843036847419, 0.22478684121485493, 0.0856012388387729, 0.020091107262141458, 0.005913200201890745
0.006919488803012751, 0.09495582462202513, 0.3504313660531141, 0.7528869042330736, 6.543567907670428, 1.3439441196677333, 1.0234982904806296, 1.231052290713474, 1.3079401384086078, 2.8858246450891696, 2.64421660332494, 0.8688043458755973, 0.28319039939003426, 0.09240042728033812, 0.019155505714063093, 0.0030880902094441213
0.007644861680609635, 0.10559858855635733, 0.39378823094044774, 0.8561231067185701, 7.5855309984802215, 1.7559295458600914, 1.2596691710152235, 1.4683856246519673, 1.5038968274564897, 3.0210374660364443, 3.2395585884128457, 0.9124153601422751, 0.2737704471949413, 0.08714650842758537, 0.018223527783266476, 0.002767192590386664
0.007400452115917967, 0.10128596296599059, 0.37175447449878163, 0.7915662036899497, 6.560941393110959, 1.5631845312379313, 1.055282417368038, 1.2188443368466058, 1.2660433574866725, 2.7690065472820664, 2.7074863997637455, 0.8604878743974972, 0.28032718068063134, 0.0930195587113683, 0.019681253417420996, 0.0036696976188391045
0.007123911726524081, 0.09724784786059151, 0.3557401802454245, 0.7555513942379275, 6.322458747865092, 1.2514654255444815, 0.9385988582995668, 1.1470551516176246, 1.2582259806262204, 2.964381490556976, 2.561036125819822, 0.84903015955247, 0.2818720946916683, 0.09412602046097157, 0.019938335345141056, 0.0037568106387462254
0.006020882306127651, 0.08154896199984286, 0.29439281367499925, 0.614713195133879, 4.849071291541761, 1.3684262993645355, 0.834128513390922, 0.9010673654632787, 0.8892196462326765, 1.8771616895361634, 1.8830614773730383, 0.7001886405430037, 0.25367672279933734, 0.09050032528819575, 0.020009677199690996, 0.004334809975409477
0.004987232108519892, 0.06897216933414425, 0.25780008798203524, 0.5663447668694465, 5.506095223419778, 1.4843229762009544, 0.8425019813198613, 0.9307573666627814, 0.9584598628994802, 2.1929093984189554, 2.0514691895514843, 0.7651812118846016, 0.27865783980746667, 0.10044210744887053, 0.022341081737216106, 0.005204822928024749
0.00669856761710145, 0.09113113003911469, 0.3312010614354453, 0.6968026877582831, 5.6134511861544585, 1.4102617203898429, 0.932846404674887, 1.0495711930111764, 1.0689358719457656, 2.3073911151734237, 2.198505406899779, 0.797812138202518, 0.28279589700858493, 0.09874991828399012, 0.02143144663957973, 0.0040567117341989
0.006471165640389868, 0.08662936459203695, 0.30671015560620035, 0.624665498045741, 4.542079319217997, 1.2622904666621855, 0.8002825702104411, 0.8660175971507678, 0.8541458925561032, 1.811228493241035, 1.7577399192803023, 0.6833882639629347, 0.255107190437346, 0.09309483092164776, 0.0208934989203986, 0.004493547280441471
0.0053862328160132105, 0.0719646715043092, 0.25282517324126885, 0.5055998361526102, 3.4212352873798717, 1.0498468370145826, 0.6399795465386416, 0.6616571920183709, 0.6254450818082251, 1.2996368263515394, 1.2576865850662098, 0.5585231803310685, 0.22605638922741975, 0.08718662036297352, 0.020282970812923462, 0.004811634744276283
0.006967775336903764, 0.09326167421887728, 0.3297758526827642, 0.669309655616438, 4.727417605156006, 1.339900832126876, 0.8362394592423198, 0.9002127851901811, 0.8882421531707931, 1.8881103856064185, 1.8679472160707133, 0.7035354042541577, 0.2586943725644194, 0.09367981934941964, 0.02095675430217633, 0.004703037423312253
0.00717337880252775, 0.09880489427694511, 0.366706756384606, 0.792547599445005, 6.910496868340617, 1.5745031733579995, 1.089470882179106, 1.2715673138383012, 1.3309896753617563, 2.945557483506955, 2.8653236468718455, 0.8793254651033885, 0.2788159673954895, 0.09067719083408338, 0.0189364511147982, 0.0033906347275083986
0.005556074990284765, 0.06936940948803186, 0.2287973902901312, 0.4403028607795607, 3.15555836855352, 0.7202487010179722, 0.47242102974336014, 0.5486663894051229, 0.6005448589323246, 1.5519904300589162, 1.1470328557625595, 0.5035009320199576, 0.21053797176375935, 0.08520384475447079, 0.02077025581171618, 0.006516813563891827
0.006864553972288211, 0.09374520754829455, 0.3430444771980613, 0.7286523527177249, 6.088880555084102, 1.4601025812649495, 0.9821297027387871, 1.127104648984516, 1.1675528531299955, 2.5582823442189975, 2.435638476048682, 0.8287679891320028, 0.2825525765512312, 0.09695003369839206, 0.02099939662710771, 0.003899135518192238
0.006157083471144461, 0.0828384990129421, 0.2957215313234262, 0.6083865064709602, 4.525245066817537, 1.259423945277025, 0.7582518626343995, 0.8292909751190976, 0.8381902569383121, 1.8561139849694634, 1.7777863614198448, 0.6595530476197152, 0.24219928761569295, 0.08825540629355651, 0.019902325717023432, 0.004581786227316374
0.0062652684523807145, 0.085192730669112, 0.30831006291288443, 0.6414662761594313, 4.861292474221003, 1.5503431184432628, 0.8240885403109209, 0.8608503510164315, 0.8450813250344217, 1.841129718356329, 1.969869665940571, 0.6743860345892448, 0.2383593462113471, 0.08589049210721743, 0.01945001247204026, 0.004895453059249047
0.004170749464675899, 0.06064412495677121, 0.23389476527532907, 0.5004961026818935, 4.125197840452198, 1.1542998602838819, 0.6672446380466486, 0.7202206760820519, 0.7265031125482728, 1.6714369478595807, 1.5525333083358273, 0.5970515922887246, 0.22972729337781353, 0.08789574060220559, 0.020763777693699772, 0.005935305183367583
0.00579501851041665, 0.07885358489205907, 0.28724836597657366, 0.6078199593331546, 5.042858428899444, 0.9949417877359019, 0.7877524722647912, 0.9460741876060448, 1.011375863130969, 2.309349355441017, 1.9326113161113376, 0.723945474780363, 0.26202880757451785, 0.09302867243149396, 0.020445302746583283, 0.004219720084580602
0.0067991663188054115, 0.09255757299920161, 0.3360930923843383, 0.7044986887722682, 5.649312354552582, 1.4768043546651568, 0.9496965522199994, 1.057912785377597, 1.0668432028299486, 2.2739340390106313, 2.21736974614029, 0.8010849860827478, 0.28446155742033946, 0.100340424097531, 0.02210136593165453, 0.0047419111824099905
0.006104348836541952, 0.08175984774805146, 0.28893926125680125, 0.5845736400007282, 4.108210028858553, 1.310633977441306, 0.7312859174507252, 0.760567136305103, 0.7355561302896223, 1.5538602185546215, 1.607743313480156, 0.6185917848091252, 0.23157542826846036, 0.08531742863830426, 0.01936655933198379, 0.0045570838328208374
0.005672400474308087, 0.07715622570768363, 0.2805957085284828, 0.5918432688613686, 4.866360915120365, 1.2181192902778923, 0.839932177491777, 0.9406548654310893, 0.9357417015700865, 1.9261957130876328, 1.8661177556861743, 0.7037190231030315, 0.2528228301691174, 0.0885450866009642, 0.019201413840847198, 0.003616971638497661
0.006134301314830111, 0.0830848983330679, 0.29932764743136026, 0.6215428536697992, 4.855020940754535, 1.3430640675802694, 0.8443700683559726, 0.9161156583566709, 0.9033495896526658, 1.8872325504941418, 1.8999351838570866, 0.699577401975972, 0.25083958162706, 0.08866397593016093, 0.019472630663508492, 0.00404914197494516
0.006391099652228014, 0.08781888120995687, 0.3250936699351498, 0.7024054461120263, 6.301503233896307, 1.2011048598550271, 0.923691386911034, 1.1519603137529095, 1.2667611253330995, 2.9197071860879076, 2.5319741380874627, 0.8277942433094801, 0.2716853396551996, 0.09119958772133728, 0.019712750712431944, 0.0038452269209641645
0.00679913501558961, 0.09221456305799525, 0.3338871155100382, 0.7003217684195995, 5.6043799853624705, 1.3725099435428, 0.8949644830931772, 1.0218670307889908, 1.0651317605724073, 2.408668258943906, 2.252552426914471, 0.7718098142023464, 0.2659918270313378, 0.09236597393005572, 0.020303874469116575, 0.004973785572691506
0.004478484971600604, 0.061377795468904935, 0.22289969912353153, 0.45711331153292556, 3.2422660076022387, 1.0959977680079458, 0.5452794786733907, 0.5512038233270936, 0.5397578678127881, 1.2601108785293986, 1.1663161951456253, 0.520758864260316, 0.2180426312922097, 0.08767354726177119, 0.021123423294618204, 0.00593219036376563
0.0049010709115289, 0.057029347161803745, 0.17107893062973104, 0.3027446385510423, 1.6399321177269368, 0.7162778761951831, 0.2881197815072128, 0.2652485117861796, 0.2578526847202359, 0.6415795449188962, 0.6209891955324871, 0.28381662852384015, 0.12469279903899273, 0.053338171722662, 0.013745194659124153, 0.0051078063604603745
0.006391099652228014, 0.08781888120995687, 0.3250936699351498, 0.7024054461120263, 6.301503233896307, 1.2011048598550271, 0.923691386911034, 1.1519603137529095, 1.2667611253330995, 2.9197071860879076, 2.5319741380874627, 0.8277942433094801, 0.2716853396551996, 0.09119958772133728, 0.019712750712431944, 0.0038452269209641645
0.006528250916032627, 0.0890635726407876, 0.3251807956635285, 0.6880145357817916, 5.646156811438793, 1.5426673093460177, 0.9551375808105396, 1.048126586905109, 1.0438777908449748, 2.199231783509063, 2.2303909535840343, 0.7870703549251216, 0.27464547939402983, 0.09522943949930952, 0.020635153659570502, 0.003937346989576412
0.0058383350323940415, 0.0803825868203558, 0.29549278912780597, 0.6230398188619305, 5.028584236027486, 1.298336644509498, 0.8251377044194204, 0.9226279280414699, 0.9418240992466047, 2.072124702620589, 1.937924043955987, 0.7230678366512062, 0.26458057285011644, 0.09619827491079395, 0.021756848849477636, 0.004805231489936381
0.007148861972334161, 0.09713364878272715, 0.3521336994133174, 0.7377448418843242, 5.792982635553185, 1.4592115027737236, 0.9339527411142879, 1.0603296123217119, 1.1012104612601539, 2.4577752095341405, 2.3551519799361866, 0.7925397084743937, 0.2713821574265725, 0.09423875653421704, 0.020681477370898888, 0.004406020756314177
0.006039255568646641, 0.08094479572120407, 0.2889273955171765, 0.5997102863428948, 4.8504464261507225, 1.1125877996495435, 0.7709248640718659, 0.889479217010657, 0.9311162282537074, 2.1430716962956597, 1.8485699827521405, 0.7065647290711871, 0.26274908410470005, 0.0962820348723884, 0.02177020711360526, 0.005204683292936456
0.006472339708953499, 0.08936091760754347, 0.33173163386314863, 0.7137326706996399, 6.211563446276554, 1.3853903408287793, 0.9553682801294832, 1.1217042973142313, 1.1885381975257039, 2.731662800656989, 2.4945977048861523, 0.8261097328502597, 0.27699175259711356, 0.09390540285585432, 0.020189585911946546, 0.004144993408804018
0.006068650138866729, 0.08132330026649452, 0.2892745689129022, 0.595053588566505, 4.567243701457072, 1.0333084062823958, 0.761389035251366, 0.877359521964015, 0.903416703702207, 1.995137512755998, 1.7892383825059122, 0.6602847172489121, 0.2408369000299447, 0.08787619797922203, 0.01998555137072006, 0.004490878111778132
0.004104241473873144, 0.059510505557175596, 0.23155142180263114, 0.49995715793247386, 4.09847788818686, 1.0473592791113577, 0.631535016565165, 0.711160504874848, 0.7448873823128286, 1.7783980900429621, 1.5252733479645344, 0.602136785952703, 0.23350730541103926, 0.08845801854916127, 0.02042000106778534, 0.0054018534722741155
0.007696332731643462, 0.10565926790558677, 0.3899202969281707, 0.8364005146749837, 7.122437421364755, 1.6933063281778868, 1.148750462908387, 1.3277656098911352, 1.3752516853089718, 2.959040755751905, 2.956512684086494, 0.9165493254421335, 0.29055544507927605, 0.09389219827237798, 0.01944690510110263, 0.00326499304775737
0.006805011573991735, 0.09312738026369854, 0.34105447323540783, 0.722445609411838, 5.960572549922561, 1.3725779867573755, 0.9524888554849044, 1.1156025711803355, 1.1667112869689928, 2.5616670126812338, 2.398642298638458, 0.8098168494839699, 0.27472278588243215, 0.09426055749463286, 0.020515438228051762, 0.003889754250978683
0.0033895740959377215, 0.05065557628961333, 0.20292009539353587, 0.44712465409390306, 3.935667625754375, 1.2063714798653582, 0.6420552959085651, 0.6769503601122251, 0.6671760553002113, 1.466145623179534, 1.4509327026531564, 0.5665887392767369, 0.21865570868502812, 0.08354345844259559, 0.019472490068513915, 0.005419530496115211
0.005999900225331255, 0.08118665371161465, 0.29290770648267994, 0.6118378841831884, 4.848971095183127, 1.2753713432844582, 0.791140544256151, 0.8751211011183908, 0.8938122266297669, 2.01970753449726, 1.8738036318084674, 0.7009769404185517, 0.2573327976012837, 0.09341915634376888, 0.020990163863938423, 0.0047763914415467155
0.006113521255830468, 0.08258938427450352, 0.2963542581296282, 0.6123182427443236, 4.620259710134966, 1.3407830100806275, 0.7899836229597913, 0.8487657584193169, 0.8425838177311833, 1.8160403908754081, 1.814788692586357, 0.670585677077178, 0.24433266538558146, 0.08874141369898006, 0.020067064664650077, 0.0043204660823317085
0.0058463494080623684, 0.07977626937607868, 0.2914540931715121, 0.6172876054450512, 5.037435113815383, 1.5294287829579456, 0.8591448449332331, 0.8995235556732055, 0.8750129649781638, 1.8823823829988908, 1.9882732435489647, 0.6980507077267709, 0.24915545840219464, 0.08982824834391501, 0.020249210270957614, 0.004809296438767082
0.007193790117959085, 0.09795311274084592, 0.3566363971005594, 0.7525516763204232, 6.152658688734936, 1.4923536937295676, 1.0215405243400872, 1.170261318544364, 1.1969726608024613, 2.5314461112998283, 2.4676781607869165, 0.8455361955040621, 0.2873980875656887, 0.09751081834012956, 0.020833487246123904, 0.0037328334357610115
0.005218795599296266, 0.07059886777689517, 0.2563370066118511, 0.5451830881366173, 4.795523351292776, 1.1103187538190276, 0.677716697267447, 0.7972337439038407, 0.8755559264749597, 2.2196465844004947, 1.8160057977920043, 0.6776657475274074, 0.2500436247019194, 0.09166129493237493, 0.02069890319529827, 0.005187743454108423
0.004833490291523219, 0.06550956236798114, 0.236907104734393, 0.4939125349145136, 4.0744753213337725, 0.9196854413688568, 0.6469906911652613, 0.7545295108777891, 0.7899364738757845, 1.7938733167355612, 1.5414270516415545, 0.5915495375548809, 0.22290546179454135, 0.08349496081624601, 0.019303561989677434, 0.005122991994684536
0.006770216237023626, 0.09095994740275379, 0.3239867651539304, 0.6649503263979356, 4.963821425999195, 1.2667850474581048, 0.8523672553569954, 0.9533300626565597, 0.9640746212119307, 2.047260391747218, 1.9626607358223762, 0.7208069671679709, 0.2595268174376981, 0.09245240133706523, 0.02045802037791335, 0.004235643876723228
0.006533619200707541, 0.08754653046026059, 0.3099993188118998, 0.6300569426133151, 4.484022365521712, 1.370544111942633, 0.7873435116717087, 0.8328562706011386, 0.8163811642865618, 1.736326364342097, 1.7502355079878598, 0.6724474183527691, 0.2524769699542872, 0.09355852212198752, 0.021362005342066587, 0.004860707599738435
0.0063316336953528965, 0.08620169633133486, 0.3130725401150997, 0.6561548312109196, 5.169882926068524, 1.5697615484187963, 0.8908945690429514, 0.9392701145129204, 0.9148600273148083, 1.938834238780141, 2.053090536503426, 0.7246512584094279, 0.25796810766104306, 0.09233720768696677, 0.02066235464323063, 0.004721559261638266
0.0069592553481135485, 0.094623148093006, 0.3433812221040426, 0.7197795228381001, 5.623856660221867, 1.4761323642374367, 0.9186548207307109, 1.0270436452059342, 1.0528601196989829, 2.3412161103496048, 2.2836335837692836, 0.7712789643369281, 0.2659103408158245, 0.09317608407334986, 0.020609298730782398, 0.004330266435034378
0.007523920467183697, 0.10311527611252437, 0.37955411014965723, 0.8120350684740386, 6.930563470417229, 1.467394152420581, 1.1034371281306796, 1.3380810843950381, 1.4195339356095238, 2.971540318263766, 2.9360329552025846, 0.8632443955561963, 0.2642242169146799, 0.08496372269388613, 0.017925166470708645, 0.0029014773079226426
0.006562898414291632, 0.08920255681530653, 0.3239968674803075, 0.6821585999268377, 5.560977423927375, 1.297665351942735, 0.9086232065826518, 1.0488976920243562, 1.0853701575479549, 2.357316412550062, 2.1986257998237866, 0.7789177853828766, 0.27019107259101327, 0.09268930092972658, 0.019884065848786037, 0.0036963896432791704
0.005701855229094375, 0.0765115066417622, 0.271837066071497, 0.5556067790385814, 4.046955504493941, 1.2229589953355515, 0.7072642434875183, 0.7433154998797916, 0.7251721108413225, 1.5737315804869692, 1.550800481634776, 0.611757840027924, 0.23354951293806497, 0.0872582413075985, 0.01995257090620368, 0.004661522288400931
0.0052629152871083275, 0.07052885435780874, 0.2501902259542875, 0.5108494426368674, 3.71986939231954, 1.1179916857174779, 0.6477988726999044, 0.6812268492535739, 0.6660504049709527, 1.4589112290265573, 1.4058697539733818, 0.5692089754153803, 0.22092116667770834, 0.08359018452615077, 0.01928578978632605, 0.004724274928726162
0.004587583725519221, 0.06319126659540242, 0.2347418750545688, 0.508745968244985, 4.579783369422229, 1.2729796801765005, 0.7168674565805614, 0.7858026087240134, 0.8019055134885565, 1.8252500213187093, 1.7136481222890787, 0.6497405215677813, 0.24066074600099638, 0.08786984496433468, 0.019817863485282975, 0.004656764637200157
0.006161642194825041, 0.08412325859559688, 0.3066598939296272, 0.6445054283762087, 5.234434534624149, 1.1453058036198893, 0.825632920763021, 0.9702176136950388, 1.0250739442566517, 2.3383366620217525, 2.048297822471104, 0.7395453407121283, 0.26430261587074755, 0.09461087445384586, 0.021219144886048907, 0.004669587363806419
0.00698328358750505, 0.09455802058995685, 0.3404605711247078, 0.7056655812913066, 5.258889876492863, 1.588298041367804, 0.864264925854754, 0.9298942589615401, 0.9405736022544057, 2.106795506141839, 2.181004889586873, 0.712731658451491, 0.24665657166983565, 0.08905111876661757, 0.020444848160577418, 0.005057586866933972
0.006846335616719749, 0.09345986338436987, 0.3417320542145147, 0.7245661300281327, 5.927703593818445, 1.4943745233753347, 0.9484819363585791, 1.072154809329607, 1.1088592230194754, 2.4941697845150257, 2.3886509912810165, 0.8045099736217518, 0.2750905360298061, 0.09505852654635889, 0.02073325443578594, 0.004639578520019549
0.0045212926376149935, 0.05919257417384126, 0.2024832436427062, 0.3923622542058333, 2.421084522503779, 0.8076913622823799, 0.44948043917084174, 0.4489937469959153, 0.42665755350889245, 0.9540511252787307, 0.8736060110102526, 0.4114713301153502, 0.17843226028361123, 0.07456311598894269, 0.018625157811313655, 0.005923260268725697
0.006150667805898615, 0.08217386025786964, 0.2893376636781426, 0.5828540002235778, 3.939081098071338, 1.2595917473248845, 0.6998058479457344, 0.7267344749137195, 0.7049058724623348, 1.5280641673123811, 1.5504868408554153, 0.5985576261497239, 0.22669841887251807, 0.08469520873130373, 0.01944188778383214, 0.00473960490828378
0.00539461005756174, 0.07437691395364465, 0.27687564004479637, 0.6021441685788422, 5.47693330083194, 1.3499089940880349, 0.8203718409911986, 0.9384329833048922, 0.9915073406848848, 2.3477586055291404, 2.1038415042466316, 0.7541615554373771, 0.2668923857251174, 0.09372108811879863, 0.020508054233025687, 0.004344325070323944
0.00634544222856901, 0.08750351476985552, 0.3243570076916169, 0.6968426445043507, 5.988517296693665, 1.433911093125783, 0.9295773690697068, 1.065838814919695, 1.1184352371902297, 2.5741571357033726, 2.3889532797199, 0.807049967166882, 0.27449073648794714, 0.09392048196249932, 0.020274056958025772, 0.004092384762302639
0.006215559740724753, 0.08415409544855118, 0.3039304440238188, 0.635765409439557, 5.048236502273441, 1.153482538126386, 0.8210689794467273, 0.9440705800469614, 0.9806381889836863, 2.2041945605852376, 2.0058312693857427, 0.7082809605858322, 0.24869985596386687, 0.08687082057282963, 0.018941004419019615, 0.003959261472031886
0.006816773369223131, 0.09212818861453528, 0.3314397143574387, 0.6890592886141323, 5.386284517507626, 1.3109407174711958, 0.8971145201685577, 1.020904110720304, 1.0455747277619856, 2.266030149590075, 2.1553298422772413, 0.7571493298876578, 0.262469194810479, 0.09041171260565754, 0.01951723837959785, 0.003972017686295992
0.004601863833689209, 0.06170785935152475, 0.21949455231965898, 0.4505283084603009, 3.434878116032269, 1.0652425390700218, 0.6252869668464882, 0.6426970680526624, 0.6040221937348549, 1.249559596157188, 1.2554648416349365, 0.5301449117965932, 0.21335453231458706, 0.08405687851406461, 0.020151366742133213, 0.005517703771043062
0.006052035511933898, 0.07816156098958396, 0.26208808187439664, 0.49971995562751037, 2.768490806891232, 0.7640648499838409, 0.4369399831528797, 0.49235084832404097, 0.536916627021718, 1.3935381662767774, 1.1099872525120316, 0.4542814438500721, 0.17965530565126334, 0.06981171817191305, 0.016646384950353837, 0.005350296540453067
0.006177417170461398, 0.084352777513487, 0.3088388534194536, 0.6567083802060512, 5.485304404288576, 1.3553635836465996, 0.8663806116800514, 0.9814336766510906, 1.019020581964257, 2.338259075222644, 2.127363280096346, 0.7728810968909408, 0.277438996414358, 0.09879687077969537, 0.021882459261390284, 0.004897970663067777
0.0012650971965231976, 0.032600825273544, 0.18153505130193104, 0.4419111171122654, 3.6891095204349393, 1.3237721602873878, 0.6230545820651733, 0.6105883868912094, 0.5740732088521064, 1.2514326883692648, 1.3869022938182987, 0.5206294113693897, 0.2024148838080436, 0.07741044523329536, 0.018324494538702284, 0.0054740277836477155
0.006773251644193139, 0.09215403691093979, 0.3346950111808876, 0.7024526242603005, 5.552699562700865, 1.5114906617992363, 0.8969633659330073, 0.9904035823855362, 1.0157581686888812, 2.2903097304047852, 2.229056981439782, 0.768650851368318, 0.26797286010597743, 0.09419117573372658, 0.0207995455001773, 0.0046046389015629696
0.0034761122777650605, 0.05408964187325974, 0.22448241765063837, 0.50284320102542, 4.392598115429185, 1.2163730529095198, 0.7261043147586769, 0.796607019440708, 0.7929537474737146, 1.6880893252827713, 1.6212169258799218, 0.6362543613093404, 0.2421558890302818, 0.08982748918490283, 0.020477559376336354, 0.005095676244336485
0.0061578133704276025, 0.08270766507789994, 0.294091883920629, 0.6011970071137387, 4.374314066944596, 1.271285471241792, 0.7520049024594859, 0.8159991332818644, 0.8120403500382883, 1.739548689631047, 1.718837128350218, 0.6457233500003021, 0.2378366123208872, 0.08652627419889171, 0.01945517577077007, 0.004351139447666778
0.007212167027554804, 0.09948435490952548, 0.3705141402837927, 0.8059319873041094, 7.297591473350048, 1.5691051703622698, 1.1126812931609966, 1.3159372880927984, 1.401601071853573, 3.2053643453262324, 2.9518077255772512, 0.9481137220514281, 0.307527570436882, 0.10068048527538187, 0.02098315060352546, 0.0036115823375528293
0.006115216582171327, 0.08631863636397055, 0.3277137235636091, 0.7130910760571773, 6.292432081241251, 1.3296054899724676, 0.9390892344451806, 1.1328934293169066, 1.2253247349356222, 2.8370443131350993, 2.5156289783752523, 0.8389365119247213, 0.2788606376199412, 0.09287993805707492, 0.01961177755424084, 0.003700740607836836
0.007540419209680451, 0.10306839740118369, 0.3772165999224494, 0.7992097851728494, 6.4453789138371125, 1.656622621702164, 1.039182936414144, 1.1753635581149413, 1.2128461210165713, 2.679372022261875, 2.6592092835768644, 0.8537104946493099, 0.28260734566387924, 0.09571690735931196, 0.020650777105136756, 0.004265416567598035
0.007372615236453619, 0.10058916822256954, 0.36765229134834354, 0.7798515679196049, 6.4800684927963035, 1.525836331870206, 1.0545995295054023, 1.2285276874465176, 1.2762257967371837, 2.6974732657068476, 2.716842363930815, 0.8320901083743459, 0.26232466729026355, 0.08484473647502751, 0.017658449791750873, 0.0030841812789637584
0.006631933043117542, 0.09084949717725896, 0.33333387164488987, 0.7077215446763525, 5.84145203017261, 1.7166474002333452, 0.9689844412776095, 1.037700141731887, 1.0324108080030892, 2.2451942966143315, 2.316188792500511, 0.8023742076066148, 0.2830000039147095, 0.10104592477132289, 0.02264354167004937, 0.005295477679532269
0.006195800244991901, 0.08372188077864645, 0.3010660958889234, 0.6257524610041857, 4.915395517638197, 1.3038272357770555, 0.8659270152089915, 0.9528827994614574, 0.9386923484936495, 1.9100708092302132, 1.9501943187830653, 0.6959381781151573, 0.2439318734794147, 0.08514287504741942, 0.01862288215391768, 0.0036150031910358567
0.007207369298071137, 0.09794428120199997, 0.35483252597046705, 0.7417415422652486, 5.7744930856680785, 1.5046657564603998, 0.9655819491984264, 1.0834704294864677, 1.1003398475619217, 2.361114842199687, 2.3266694452551415, 0.8037253526842087, 0.27821497995143335, 0.09642413631593218, 0.020970483044156236, 0.004208918338108964
0.0063109294249228355, 0.08627037523854027, 0.3163975544019334, 0.6746107783672844, 5.73419741432918, 1.3721122496472542, 0.9251544118781034, 1.0560762047468026, 1.087538362490976, 2.406247382712537, 2.2695153157304664, 0.7851454801386164, 0.2706341803294991, 0.09337738537789456, 0.02026370638257725, 0.004186614766919115
0.004923346384741402, 0.06528398296938326, 0.22904936660832623, 0.46499146727219964, 3.4698635614355418, 0.9134535660516645, 0.6110315679664015, 0.6573378123693, 0.646599922646235, 1.4163257746138476, 1.262745549616662, 0.5442635664314258, 0.2203116243102071, 0.08669763968409137, 0.020703754822392804, 0.005490297587136542
0.0047960117689732715, 0.06475587368706809, 0.23390414076626323, 0.49306862323320316, 4.219084070500929, 0.8816936484364294, 0.6027215947504502, 0.7360287504136488, 0.8148186496088873, 1.9990243376169297, 1.5682979077032686, 0.6164380557295881, 0.2324596093676446, 0.08564305911400459, 0.019353878713083434, 0.0047099347922589215
0.004110542858610617, 0.05674711154651222, 0.21139486842173624, 0.45891950727106806, 4.132223688529163, 1.3906926689864036, 0.647240351491592, 0.6577893980391845, 0.6497022465873885, 1.517173746397927, 1.5140392224486936, 0.5913506506303786, 0.23036119377017983, 0.08929157179815796, 0.02112291437166096, 0.006041539095430865
0.0052881988470359536, 0.07185236350051293, 0.26131704984329307, 0.5526835919258842, 4.661300133252235, 1.1459542654277777, 0.8198423405661656, 0.9102763724907047, 0.8914880298956177, 1.8198732422507533, 1.8169784650521108, 0.6515004726345117, 0.23076867737539877, 0.08175287894450993, 0.018150815735376257, 0.003952716589343745
0.0052392006197842095, 0.07321085864241357, 0.2746570083458015, 0.5907246402271366, 5.043380479292395, 1.3373659970784246, 0.7838689767052716, 0.8663555232816114, 0.8964724516608175, 2.113628192267613, 1.936765878377649, 0.7052140682544347, 0.25998142751357134, 0.09697573559598142, 0.02257761633991159, 0.0059292574785548904
8.149364958100498e-05, 0.024368195532809077, 0.18529631039693628, 0.4841103833256303, 4.170779835882058, 1.151585376085805, 0.642361888664675, 0.6957075723268378, 0.7141416237370714, 1.7090683257247588, 1.5830661655870206, 0.5739323454947137, 0.21760656120503352, 0.0797062321808407, 0.018116634538864602, 0.004939198556117786
0.00666587733904642, 0.08917027968665316, 0.31512920535850497, 0.6393117032892738, 4.504617427988133, 1.2982772563945433, 0.7525620947499847, 0.8174976271099272, 0.830532548772257, 1.8766035469799343, 1.8064995430932531, 0.6575748505920331, 0.2400102159738749, 0.08762263049756235, 0.01987509543211804, 0.00480412129362506
0.019729065438280045, 0.21969886593488827, 0.47988145714668123, 0.49924023178939153, 5.379407074627791, 1.8321471399340357, 0.8408774751010415, 0.8324501428135472, 0.7881378017946593, 1.7286934065831232, 2.0007626648794328, 0.947276944154166, 0.2513161309887606, 0.06962773266134575, 0.0026760575866812196, -0.014025627421530547
0.007077456397839704, 0.09584547117254616, 0.34539998413473416, 0.7176244983958285, 5.472521267932587, 1.486262173423159, 0.8945858231979514, 0.9900497113712127, 1.014731193737242, 2.2739138794576133, 2.2270054465839926, 0.7575681192998617, 0.26223646748951457, 0.09191070721417664, 0.020288865216462434, 0.004521305511631217
0.006133042294126916, 0.08120172508853687, 0.2825184509369156, 0.5631559331253169, 3.8102879091330752, 1.09181591967491, 0.6601754080545693, 0.7109612935811418, 0.7131862555016775, 1.584525775322961, 1.4570020057105297, 0.5987736332710435, 0.23266463252839945, 0.087557543902982, 0.020069376787506678, 0.004731132316423081
0.006507662893877005, 0.08672872899197531, 0.30455618188202443, 0.6131889354534625, 4.280553503945113, 1.285819700092848, 0.7916053225337459, 0.8312833283969533, 0.7947806436441294, 1.6147468631269948, 1.6870217708079092, 0.6457744753574726, 0.2369436551740906, 0.08497998007934301, 0.01880783472004681, 0.003830949615662027
0.006772921932405655, 0.09232874812378947, 0.3371026956568415, 0.7145465148086826, 5.914652424564805, 1.2856096145181068, 0.910409157537163, 1.077184803727794, 1.1505807201565945, 2.668646211839741, 2.3602374540626996, 0.8102616004022629, 0.2793060134333476, 0.09662447854048654, 0.021012045139919645, 0.004307495071548871
0.006621710937598959, 0.08941182219165546, 0.32119287871838603, 0.666690332391757, 5.188792772490618, 1.441484031811683, 0.9015542764601008, 0.9797266739394779, 0.9670273438329986, 2.0144611710449265, 2.0479083420343565, 0.7401653122574999, 0.2642462251925608, 0.09378776488777815, 0.020743527720015358, 0.004430940287870384
0.004904426626382971, 0.0675899738649925, 0.2514499936133866, 0.5459340506870474, 4.85477071375483, 1.5520686570571278, 0.8197169639541405, 0.8307454204142187, 0.7941227460545243, 1.7227562527705025, 1.9488437720601017, 0.631513136769632, 0.215660190493922, 0.07628333213045413, 0.017164115979766213, 0.004582241377816883
0.005602173286860763, 0.07771621373565363, 0.2899260271912805, 0.6241394859807905, 5.301669477791525, 1.5165243728071387, 0.8184871801971109, 0.8867842711714334, 0.9153771047530995, 2.164528473288111, 2.0588233006024526, 0.7348242873015023, 0.2651190943649773, 0.09649387123587025, 0.021963089696741916, 0.005236901959042643
0.006874396407199454, 0.09275480978772999, 0.33247166274658774, 0.6870435129913466, 5.207917148153041, 1.2076191402190843, 0.8578094529257247, 0.9950811971278496, 1.0364771544063192, 2.2653468686975633, 2.0958384446375895, 0.738564814691155, 0.2559357553697228, 0.08784374984671285, 0.018858460512427882, 0.0035032700660289646
0.007089882217338813, 0.09508514084733705, 0.3372101795252366, 0.6866506988577848, 4.91284103091605, 1.2829050441019016, 0.8448720924485226, 0.9442805833936493, 0.9576314729048268, 2.042727890467505, 1.9499710505788754, 0.7260089053323949, 0.26241070113362874, 0.09321256501226183, 0.020502217141028584, 0.0039916721022724725
0.0055806004743076424, 0.07486700515024278, 0.26591443151913585, 0.5433912711738461, 4.018027137222813, 1.2016590044770725, 0.737054318273292, 0.7714545779651264, 0.7319724927875368, 1.4909526333738976, 1.5276578973335189, 0.6105473500014016, 0.23233315798941165, 0.08597423626675703, 0.019475869470569094, 0.004419893426476142
0.00581582890703032, 0.07868546722472865, 0.2833463551274682, 0.5890316629625327, 4.545958205510504, 1.2641094416793557, 0.7781882897255056, 0.8383427919073987, 0.8305236888113685, 1.8081982346278114, 1.7575654911601606, 0.6641793672032341, 0.2460232937152058, 0.09002902276323878, 0.020347941451804963, 0.004576049022557761
0.005682432980515329, 0.07504429581117708, 0.2590112684738191, 0.5079246842874173, 3.1018525004245188, 1.0213234583859159, 0.5756790657824177, 0.5889215865867852, 0.5634717200733885, 1.2176230648501045, 1.1844833624095141, 0.511935505252566, 0.20515426956371086, 0.07863590822525032, 0.01817795271438487, 0.0042037344707385555
0.005538596491945508, 0.07503895743903864, 0.27166152235856694, 0.5709049538638095, 4.6382759232484005, 1.2701268431384738, 0.7561555284943231, 0.8229739459197801, 0.8317560855097234, 1.8918965962815435, 1.8034339930649386, 0.6558665722310146, 0.2397772283025919, 0.08796309307079814, 0.020067368485929323, 0.005104946865914849
0.00526268344701867, 0.07310633163606428, 0.27402763169410976, 0.596601548748616, 5.4649451149107895, 1.4064434747638717, 0.8742525041106128, 0.9763160919481816, 0.9942796185376119, 2.186333016574279, 2.091835203834649, 0.7519906594543835, 0.2682832445693393, 0.09571413133433758, 0.02136768110606688, 0.004736907693815055
0.005575243188823728, 0.07548032405683136, 0.2717087016085999, 0.5634434298578233, 4.378944761126262, 1.2255877420228187, 0.7677459741627385, 0.8263414508068057, 0.8083859137161588, 1.6920988069368281, 1.6806844053779941, 0.6453775111676633, 0.23856311474244712, 0.0865084904490749, 0.01937385111756525, 0.004288699961471001
0.005527587509326505, 0.07355593842065158, 0.2587052537683993, 0.5249583890276993, 3.8823007089075765, 0.9791023671393828, 0.6711456509258804, 0.7424345976299224, 0.7463603130538803, 1.6254228797701962, 1.4389055788016387, 0.6058117727559506, 0.23690567390949768, 0.0891871848173272, 0.020422845585952275, 0.004611815334599247
0.006759686331528003, 0.09103178226183914, 0.3254147126307316, 0.6706999515286751, 5.067269069759282, 1.3350776776481013, 0.8605779375799826, 0.9573080407021021, 0.9686126817743522, 2.071496384523896, 1.9579067579674347, 0.7508416058204554, 0.2774485265007775, 0.10014297712542745, 0.022240674608638863, 0.0045420821776042414
0.0022515269782480605, 0.0428711834985184, 0.20603029073258786, 0.4845935109608224, 4.355070368410228, 0.7990623747827166, 0.5264059776558975, 0.6789646847542716, 0.8122847332681163, 2.300908154307691, 1.692608805910078, 0.5880304708104803, 0.2072218365882773, 0.0722434877005172, 0.015842728330303136, 0.0038953360775183265
0.005420828069210716, 0.07278744925161013, 0.25875023954696474, 0.5288740834260174, 3.858760675546571, 1.1394174397940078, 0.671307118256414, 0.7137536435722249, 0.701495521109883, 1.5145734979238312, 1.446522695136894, 0.5974545912559613, 0.23252397077687353, 0.08745855463463391, 0.020025828146531248, 0.0046160767539923184
0.007063173260900115, 0.09706863930607265, 0.35908102086177396, 0.7734853730799823, 6.73104160779761, 1.379085395956881, 1.016688917705409, 1.2269103981118996, 1.3258393124300778, 3.0468387876608354, 2.745818163068955, 0.8780875638748402, 0.2858446398195885, 0.0947749385774977, 0.020091823622935604, 0.0035644413913628555
0.005438787743944016, 0.07190242920536653, 0.24898682747899892, 0.49158472004169024, 3.128709444821181, 1.1999233283798627, 0.5969082978365376, 0.5676513660725103, 0.5130344900715897, 1.0761203982843064, 1.1776854701604178, 0.5103774183811042, 0.20655701085038028, 0.08054597804301995, 0.01896508631419921, 0.004898868262568632
0.001744920215556386, 0.038850948406525386, 0.20131468736598893, 0.4771950038641964, 4.219206265355118, 1.0357817562309797, 0.5969574362969188, 0.6902327936254574, 0.7508104815424912, 1.8873039785865, 1.5933384083451534, 0.5908195760617077, 0.21998941515683812, 0.08039711970131085, 0.01791009062312397, 0.00444193800867854
0.00809925804948032, 0.1079577184362043, 0.3800966587187089, 0.7702059909111613, 5.604633221474028, 1.6109268534984267, 1.0370625237377633, 1.1382633902964754, 1.105312184632848, 2.052769453839465, 2.365775597776282, 0.7633359287895863, 0.24966755487390782, 0.08289794259939892, 0.017537230047961073, 0.003158173986472909
0.0061762230359373735, 0.08388776072583154, 0.3036356938751134, 0.6333909482607025, 4.833520667251846, 1.5118273362049928, 0.7940032656696314, 0.8312779884338148, 0.831207709981902, 1.8986065080820054, 1.9145166912219609, 0.6874458507934772, 0.24942585922865426, 0.0910366214702124, 0.02069307820990279, 0.005071391080432708
0.005760049014573133, 0.0781287538959771, 0.2828149983644062, 0.5927441489401778, 4.726543419883498, 1.3260262262142015, 0.7901690964138073, 0.8511590654483272, 0.8503287371984294, 1.8801561959685653, 1.8241883912862527, 0.6809215458811049, 0.25068206350566535, 0.09154383315284886, 0.020694946073494987, 0.004895077127210653
0.004983639732180427, 0.06521080800310185, 0.22111320275038782, 0.421586306538119, 2.1977115600535218, 1.117988617642107, 0.44087195875666646, 0.3649549450522069, 0.301351490345844, 0.681356364778216, 0.8127776965222476, 0.3990720118001221, 0.17435199452252784, 0.07178351900708044, 0.017514535972337573, 0.005064971077201927
0.006689733654657243, 0.089383313021789, 0.3148463392535908, 0.6349703767062388, 4.3583017841112035, 1.3763390022359006, 0.7620817350880484, 0.8019895230122395, 0.7889299033032481, 1.698779165758598, 1.7255391405798841, 0.6551601159327983, 0.2435445147749563, 0.08938142898700623, 0.020235972837351162, 0.004649300034809597
0.0053862328160132105, 0.0719646715043092, 0.25282517324126885, 0.5055998361526102, 3.4212352873798717, 1.0498468370145826, 0.6399795465386416, 0.6616571920183709, 0.6254450818082251, 1.2996368263515394, 1.2576865850662098, 0.5585231803310685, 0.22605638922741975, 0.08718662036297352, 0.020282970812923462, 0.004811634744276283
0.005199439086860039, 0.06754542591597912, 0.22970637622073165, 0.4494224484465023, 2.9938945126672083, 0.7349783457592353, 0.5016829051475551, 0.5647926585047207, 0.5849163560712368, 1.3731797210000067, 1.0938066980690346, 0.49303775416578255, 0.20346435317443926, 0.08008295427286428, 0.018915724498856097, 0.005005182967058804
0.006600419195575652, 0.09092793661594938, 0.3369807943988066, 0.7257722045114828, 6.3911854966094985, 1.1124906741252971, 0.9031454168718633, 1.146327419376592, 1.29002957802415, 3.1227360203983907, 2.609839801368557, 0.8298120883730643, 0.26686472057828287, 0.0875817138175297, 0.018481341368875276, 0.003184409033240423
0.0061578133704276025, 0.08270766507789994, 0.294091883920629, 0.6011970071137387, 4.374314066944596, 1.271285471241792, 0.7520049024594859, 0.8159991332818644, 0.8120403500382883, 1.739548689631047, 1.718837128350218, 0.6457233500003021, 0.2378366123208872, 0.08652627419889171, 0.01945517577077007, 0.004351139447666778
0.006658416618630174, 0.09000521005884096, 0.3237239327105383, 0.6723738897251282, 5.212306085948892, 1.388344475988242, 0.8958857834217658, 0.9886615812090315, 0.9878050106836509, 2.0774632241491395, 2.0571695819220577, 0.7467718767364377, 0.2647851590237967, 0.09277256435643055, 0.020253760911222687, 0.004089047658259078
0.007242735452084214, 0.0983616068854592, 0.35655620474854033, 0.7479536680991377, 5.989043048701134, 1.4845242688678424, 1.0074255196233486, 1.1433767154579593, 1.1653493314148022, 2.439184557835699, 2.4109646705360754, 0.8282583277200295, 0.28013915574486004, 0.0940609064846216, 0.01984350719914833, 0.0033170535935738896
0.003900916018344658, 0.057391532557284665, 0.22596872495242126, 0.49400279287224985, 4.21968695115073, 1.2532055892778653, 0.7172993521188772, 0.7660621896958645, 0.746081109480833, 1.5537339232421428, 1.5826546607161855, 0.6072611177429196, 0.2280989987625101, 0.084449858351459, 0.01929505761868436, 0.005058083350073065
0.00652627251282107, 0.08857491112108562, 0.32011148415692686, 0.6671234315861196, 5.199814702566596, 1.5183523074084397, 0.9288014676442505, 0.9941044083815224, 0.9593941586292183, 1.9190407714197597, 2.0584342746019795, 0.7409031613332361, 0.2605756933477571, 0.0906225182133501, 0.019675142456896683, 0.0038255296399549304
0.005520843392121215, 0.07634056578557791, 0.28497273341700774, 0.6199421261964381, 5.671694306077518, 1.166706887766332, 0.813168485187141, 0.9990670712170427, 1.0997098977976727, 2.6105426210707616, 2.168857617177924, 0.7871194486869387, 0.27671284636844695, 0.09557400864226448, 0.02056134636205037, 0.004089063168377115
0.0043333399046635275, 0.059406786290644845, 0.21720072860665207, 0.4525589450720901, 3.524871008240245, 0.9919811216446246, 0.6166345548058826, 0.6545551774387303, 0.6363015409963163, 1.3735817221583202, 1.3033436877306779, 0.5357586252877009, 0.21037549844943138, 0.08031517813261202, 0.018671848857273212, 0.004992035608535596
0.005948834193679968, 0.07885753992091404, 0.2753741077724684, 0.5499329887505624, 3.796213500191076, 1.0374551167512738, 0.6063959080928634, 0.669342790463352, 0.7005899844588593, 1.7044770794942643, 1.4312355209634746, 0.5930854769617371, 0.23876936751164868, 0.09436465106455476, 0.022653983567185045, 0.0065528605819810595
0.005383762126494235, 0.07179038427113091, 0.24227290827726347, 0.4779455397080658, 4.682058109180381, 1.3390406695761952, 0.6862061737740323, 0.7453021089069659, 0.7744408949594939, 1.8643632185492338, 1.722485283409433, 0.6810008373499777, 0.24215570301580233, 0.08699002905507727, 0.01814517210773857, 0.003847112028994619
0.006237645982622314, 0.08470714630561713, 0.3071744110483125, 0.6451666836888122, 5.194424276579074, 1.351062783920079, 0.8545743332138672, 0.9526062612737971, 0.9696783012823325, 2.134294243760736, 2.038524677155428, 0.7337341633545013, 0.26197323801975747, 0.0932209978578262, 0.02069097008536803, 0.004394337028580986
0.0011408266458362802, 0.03506217462304399, 0.2058450049482714, 0.5153209757107134, 4.758855153026113, 1.2552798811041406, 0.680869935140102, 0.7713680472050988, 0.8255778453800594, 2.039745264682575, 1.7818828332249015, 0.6582741942524741, 0.24426993837531433, 0.08860284673890773, 0.01995683488097766, 0.0049586390059859365
0.0045094538604715, 0.06241638199302184, 0.23388757379776418, 0.5130441743646971, 4.775764114150003, 1.319368576782287, 0.6875002599394694, 0.7568960265006497, 0.8016816116303501, 2.019938500701618, 1.800243542880227, 0.6575329324984641, 0.24266180683898195, 0.09050459363101258, 0.02100739131641028, 0.005642580333633999
0.0022515269782480605, 0.0428711834985184, 0.20603029073258786, 0.4845935109608224, 4.355070368410228, 0.7990623747827166, 0.5264059776558975, 0.6789646847542716, 0.8122847332681163, 2.300908154307691, 1.692608805910078, 0.5880304708104803, 0.2072218365882773, 0.0722434877005172, 0.015842728330303136, 0.0038953360775183265
0.006273026389664142, 0.08254396035604616, 0.2845189485304028, 0.5608734842994538, 3.6525760968662992, 1.0122187261734041, 0.6251724362372048, 0.6835710094302093, 0.6965348971312134, 1.587524942214823, 1.405176122962349, 0.5787949630787345, 0.22777126324940655, 0.08741643584021172, 0.020440858290382707, 0.0051358342488126004
0.007451646188440801, 0.10229316706163419, 0.3774934451673817, 0.8099251536359358, 6.906873126209254, 1.8662454679865081, 1.1367307339360733, 1.2465959421811441, 1.2548932495518896, 2.7213575467686937, 2.8070568913389353, 0.9097002786444133, 0.30314158543899694, 0.10299012299295668, 0.022216127968325568, 0.004539768290969155
0.006615886784245878, 0.08870570691271933, 0.31465342218977177, 0.6419609975711323, 4.7680679400757695, 1.3711509904941315, 0.8677057857772832, 0.9393364166835734, 0.9099377347976823, 1.7793602647392799, 1.9148252930752985, 0.6816378468467034, 0.2405151820900739, 0.08582218420460089, 0.0193284524556769, 0.004075860722176551
0.005918180542520636, 0.0806790286633572, 0.293025109404234, 0.6124556766123503, 4.8676996059408735, 1.2933775020527807, 0.8220757538744535, 0.9100276310185414, 0.9139403341805631, 1.9531758556917342, 1.9277942703172635, 0.6850943433354993, 0.2414244568138206, 0.08496600574447805, 0.018718492810211266, 0.003941933390751659
0.005631794246691575, 0.07281246515908843, 0.24655834466456653, 0.48168482860967554, 3.235377605439552, 0.8169353432992236, 0.5337872910986106, 0.5940633909437677, 0.6194589453480356, 1.4840835723169228, 1.1692212419475554, 0.5347348566891795, 0.22347425569631357, 0.08907678893878128, 0.021268261389154754, 0.0058053597601936315
0.006958663288612078, 0.09543299806683762, 0.3512458880227172, 0.7499602023993145, 6.335544899443761, 1.5198901526808555, 1.0152902654552445, 1.1628656602732503, 1.2058812691158052, 2.664316538633239, 2.557810726339709, 0.8475675655668421, 0.2838617349138045, 0.09663273947407505, 0.020941929858429187, 0.003958141929102467
0.007372615236453619, 0.10058916822256954, 0.36765229134834354, 0.7798515679196049, 6.4800684927963035, 1.525836331870206, 1.0545995295054023, 1.2285276874465176, 1.2762257967371837, 2.6974732657068476, 2.716842363930815, 0.8320901083743459, 0.26232466729026355, 0.08484473647502751, 0.017658449791750873, 0.0030841812789637584
0.005218795599296266, 0.07059886777689517, 0.2563370066118511, 0.5451830881366173, 4.795523351292776, 1.1103187538190276, 0.677716697267447, 0.7972337439038407, 0.8755559264749597, 2.2196465844004947, 1.8160057977920043, 0.6776657475274074, 0.2500436247019194, 0.09166129493237493, 0.02069890319529827, 0.005187743454108423
0.005353443027265419, 0.0699109811040406, 0.23798446401189774, 0.4613719354163838, 2.7594861873222847, 0.777509525562982, 0.4473451978695873, 0.49033919508846235, 0.5195719024395248, 1.305006699118496, 1.0312250429036869, 0.464649533711363, 0.194043106705748, 0.07763378933697308, 0.01860245224641014, 0.005061483595662531
0.007155883657712534, 0.09878591148966963, 0.3676683228575173, 0.7965002150556288, 7.023872180715047, 1.7282974523742793, 1.1033274603462693, 1.2634161383807656, 1.3141034985090478, 2.9193590262753433, 2.8697500219053116, 0.9068051262288963, 0.29369955607959625, 0.0971194099641671, 0.020529047666991623, 0.0038014837764114846
0.007385343846863042, 0.10045024030713393, 0.36491956983788404, 0.7669991640539646, 6.101063708174374, 1.6075715785169324, 0.9931114010513356, 1.1096840502445373, 1.1369843541691447, 2.5210107507678434, 2.4518690678392807, 0.8408092179714398, 0.29257275956334355, 0.10279551787177481, 0.022704817706562137, 0.005022134062788094
0.0061351447024190495, 0.08277940532985072, 0.29621458756851576, 0.609228970571103, 4.564793721433078, 1.338558093647075, 0.7991129661256348, 0.8512341419562623, 0.8328950598069905, 1.7629035710687508, 1.7657466091475302, 0.6759125712563456, 0.25145788404754227, 0.09216084392000959, 0.020849610084900515, 0.004839151664370699
0.005336248691501335, 0.07336807032780254, 0.27171914551316345, 0.5868019802805333, 5.2054619310334855, 1.4687985844214273, 0.8322449551263642, 0.9039306997372536, 0.9129615192475453, 2.0376724181690444, 1.9589598544219053, 0.7391190997219436, 0.27205282109919493, 0.09847301046105808, 0.02199059229496247, 0.004739522786245134
0.007212167027554804, 0.09948435490952548, 0.3705141402837927, 0.8059319873041094, 7.297591473350048, 1.5691051703622698, 1.1126812931609966, 1.3159372880927984, 1.401601071853573, 3.2053643453262324, 2.9518077255772512, 0.9481137220514281, 0.307527570436882, 0.10068048527538187, 0.02098315060352546, 0.0036115823375528293
0.00742267594229078, 0.098889409090402, 0.3480435315019232, 0.7054402060817774, 5.132348980620217, 1.4222185427733234, 0.9927563263871677, 1.0764526904805276, 1.0185887067663757, 1.8473384797041403, 2.1593253001113113, 0.7038073609501497, 0.22905836492269413, 0.07529598077499328, 0.015773238785142484, 0.002705160515853866
0.00604055574931744, 0.08255590183006775, 0.30230132977547636, 0.6420176615928407, 5.340879521957374, 1.4653011125577264, 0.8740634540291935, 0.959343373762504, 0.9688006093299546, 2.1282447022161044, 2.076671652457417, 0.7512966926614538, 0.2690342726531586, 0.09580216183137524, 0.021239709552081674, 0.004605167460319772
0.00616260330866296, 0.08327278791109974, 0.30031602583407874, 0.6286350461926982, 5.079744561869478, 1.2321604390514602, 0.8142458001759283, 0.9193603566918128, 0.9521472572821855, 2.1951532926536377, 1.9787781091387942, 0.7211497549776954, 0.2618602766986614, 0.09491759302688772, 0.021396634580349492, 0.0050976046320163
0.006020714558302685, 0.08058925817791908, 0.2828503486511541, 0.5627381947395935, 3.71555285181667, 1.4899792597678687, 0.6951315719632825, 0.6683416975252574, 0.6077840861876186, 1.2106235894560928, 1.4150342900268797, 0.5934539077494578, 0.23148430102545595, 0.08680314366887662, 0.01978931601459601, 0.004462182515023561
0.006407700183142475, 0.08678301755822963, 0.3129434560572751, 0.651254327661705, 5.007473649035739, 1.3616891341955148, 0.8074127788969623, 0.898762701372757, 0.9274969004113466, 2.090483190011179, 2.010343296624682, 0.7008425102280381, 0.24775500641890558, 0.08837868443897809, 0.019753921363363302, 0.004530230916857686
0.006940453357309483, 0.09454772036397478, 0.34444612394596696, 0.727326182999319, 6.009625147794389, 1.3267766434697765, 0.9607388629623352, 1.133285409707243, 1.1902501317250662, 2.6144311047563122, 2.4134038501089585, 0.8213504415048477, 0.27698572076867684, 0.0934340581069014, 0.019918519887325424, 0.003712821593388771
0.0067507924307751155, 0.09052630382759749, 0.32073440569680983, 0.6515347339242915, 4.591711168514376, 1.3008527935217247, 0.7786565601726259, 0.8499127438191224, 0.8600944799482801, 1.8929931750245677, 1.822303738461403, 0.6817420095739801, 0.24950400710577444, 0.08996844121210988, 0.020052555834705242, 0.004260124836355901
0.007110431708379361, 0.09696343314018617, 0.3537005742159446, 0.7471572763523436, 6.0498249654014264, 1.6093923172141693, 0.9861436603896759, 1.099923894171669, 1.1240086636645046, 2.4642637517264037, 2.477463805719742, 0.8061917440017804, 0.2720387652704006, 0.0944297278257077, 0.020861326375296876, 0.004452934540608235
0.006235469177521454, 0.08552589395629703, 0.3152664710329767, 0.6761139777299706, 5.8503761916054415, 1.370447058536084, 0.9262197282497694, 1.0781472302819421, 1.1244107472148435, 2.472156802671263, 2.344821318852648, 0.7810403275996762, 0.2620730777682337, 0.08965623429046979, 0.01960003969128915, 0.003898946472411044
0.005380713004703185, 0.07173470050026544, 0.2518442414997402, 0.5061027355062332, 3.471096916324094, 1.048015574358975, 0.6465025293043033, 0.6784652571962173, 0.6436191676575012, 1.3165328359871888, 1.2882466532914383, 0.5598040404037988, 0.22234878253387458, 0.08391156410368944, 0.01911017364021583, 0.004148966774245256
0.006069100010030733, 0.08170115412861424, 0.29181286691401775, 0.6007097496497364, 4.565520545849941, 1.3040147178732435, 0.8083037498123987, 0.8681354397494645, 0.8472707400734811, 1.748467778030091, 1.764203095869314, 0.6749606480890341, 0.2487879305884834, 0.08979657607076867, 0.01998529000478212, 0.004162228452676386
0.005797828891967148, 0.07822211081235635, 0.280122163206615, 0.5775494390402345, 4.344293946715179, 1.3574778414229314, 0.7893641671563062, 0.8217597219712388, 0.7795707073264115, 1.5641305809185044, 1.6797934208268226, 0.644686600431733, 0.23778902189938553, 0.08575351306810021, 0.01906465947078464, 0.003962359271497094
0.006151323119891988, 0.08279819279302855, 0.2957687436940446, 0.6091415150175433, 4.58948063786109, 1.4130837759116368, 0.8133485317216779, 0.8508382606583083, 0.8215597985501885, 1.7063603643080818, 1.7708017429874727, 0.6796547986737853, 0.2527976608008507, 0.09239710536671042, 0.02081066334765295, 0.00465315965621713
0.003948039183868383, 0.05419651223767487, 0.20022685741045937, 0.4311904086011804, 3.8236398201071857, 1.3526438103558103, 0.6608936702903195, 0.6524422193504045, 0.6059327077912022, 1.2474160668718401, 1.3693631400408086, 0.5670667858902969, 0.22474029240139562, 0.08668434021053399, 0.02031780783770888, 0.005029954404457091
0.006915904497419428, 0.09362758364161469, 0.3376133089803703, 0.703190120167803, 5.427286507775497, 1.3693449722201028, 0.8778253484638361, 0.9924962993715495, 1.0294212248716177, 2.321976232974048, 2.2085365780279327, 0.7484376654043239, 0.2569897437830467, 0.08895050144994043, 0.01939282076447922, 0.004249567375351335
0.0047535033077139065, 0.0637180193365386, 0.2267853424084488, 0.46712853469855875, 3.6232875324428635, 1.1791633351021766, 0.6693006795226649, 0.6700770064515519, 0.6186940064657601, 1.2564150714348308, 1.339787998489861, 0.5530837287774981, 0.21611203538329363, 0.08196363587582571, 0.01891343848737509, 0.004737476265272885
0.006773251644193139, 0.09215403691093979, 0.3346950111808876, 0.7024526242603005, 5.552699562700865, 1.5114906617992363, 0.8969633659330073, 0.9904035823855362, 1.0157581686888812, 2.2903097304047852, 2.229056981439782, 0.768650851368318, 0.26797286010597743, 0.09419117573372658, 0.0207995455001773, 0.0046046389015629696
0.006194405297210038, 0.08193061749780914, 0.2841499869871204, 0.5627903718197294, 3.6548349925012307, 1.1446705101424213, 0.6571180802385428, 0.6891193478005455, 0.6719346775187773, 1.4508021241160662, 1.4014506791653154, 0.5823404551250251, 0.22941655779506592, 0.08755242510247303, 0.020298228116113363, 0.005001451960386704
0.006899349217445209, 0.09399963457043348, 0.34221253422681996, 0.7204209474494652, 5.714345267437137, 1.4762485010762165, 0.923937059368564, 1.044060629695622, 1.0775990069593724, 2.385435110625135, 2.2901461724887207, 0.7917856305645176, 0.2758942531256092, 0.09651510694900227, 0.02116729403391597, 0.004432733680274434
0.006454207325099508, 0.0861152701808249, 0.302733550567038, 0.609361783554149, 4.178767262750664, 1.319295177605007, 0.7485488296272126, 0.7809032903953289, 0.7563078496845833, 1.599744107331798, 1.6344349640398614, 0.6372094560175059, 0.24032043063301042, 0.0887750984940128, 0.02013364273700777, 0.004551193885350451
0.0034761122777650605, 0.05408964187325974, 0.22448241765063837, 0.50284320102542, 4.392598115429185, 1.2163730529095198, 0.7261043147586769, 0.796607019440708, 0.7929537474737146, 1.6880893252827713, 1.6212169258799218, 0.6362543613093404, 0.2421558890302818, 0.08982748918490283, 0.020477559376336354, 0.005095676244336485
0.005986806805086917, 0.07965512174710544, 0.2788413790680426, 0.5586027113258717, 3.7781838252741435, 1.2211768029800367, 0.6974458097098071, 0.7159603958125028, 0.6799661905398501, 1.4080417226551496, 1.438899800815494, 0.5946785571561652, 0.2324195515148852, 0.08799127375816403, 0.02026593300126708, 0.004648595619120712
0.006949009264596253, 0.09445427809489289, 0.34230844535440375, 0.7158558046400967, 5.57061986714845, 1.547273863514423, 0.9175001103489946, 1.0075057416197497, 1.0224620012646928, 2.259420146416239, 2.217933114548966, 0.7827275187685968, 0.2789475013820271, 0.10033057053016783, 0.022616781933009932, 0.00503385865681216
0.007053871264990875, 0.09552189019191956, 0.34429972802075065, 0.7158431446013807, 5.464093922769484, 1.43193474500069, 0.9177576147947113, 1.0232731035407834, 1.0369683818290258, 2.2498390953586527, 2.217046605789412, 0.7599883982030253, 0.26310085127693617, 0.09159399405893368, 0.020025442048316536, 0.004157004228544648
0.00679913501558961, 0.09221456305799525, 0.3338871155100382, 0.7003217684195995, 5.6043799853624705, 1.3725099435428, 0.8949644830931772, 1.0218670307889908, 1.0651317605724073, 2.408668258943906, 2.252552426914471, 0.7718098142023464, 0.2659918270313378, 0.09236597393005572, 0.020303874469116575, 0.004973785572691506
0.005438787743944016, 0.07190242920536653, 0.24898682747899892, 0.49158472004169024, 3.128709444821181, 1.1999233283798627, 0.5969082978365376, 0.5676513660725103, 0.5130344900715897, 1.0761203982843064, 1.1776854701604178, 0.5103774183811042, 0.20655701085038028, 0.08054597804301995, 0.01896508631419921, 0.004898868262568632
0.006850445500774539, 0.0929032063285257, 0.3364823123085905, 0.7066056197885149, 5.70899831258437, 1.1887952981091965, 0.9063156571780044, 1.0752795463504592, 1.1395108798816243, 2.573200573158618, 2.3156157907472776, 0.7781781684443628, 0.2612173176147518, 0.08761048341214372, 0.01851380190401043, 0.003361214002600126
0.006159224907207483, 0.083396681486243, 0.29995689613624354, 0.6195530252658057, 4.5794197336692815, 1.3446864979965745, 0.7531570510048261, 0.812024762763389, 0.8243928348672418, 1.8679408778715612, 1.8575255373355741, 0.6437375744607599, 0.22787229517923008, 0.08181394797269458, 0.018439843843342053, 0.004520738974713669
0.006391099652228014, 0.08781888120995687, 0.3250936699351498, 0.7024054461120263, 6.301503233896307, 1.2011048598550271, 0.923691386911034, 1.1519603137529095, 1.2667611253330995, 2.9197071860879076, 2.5319741380874627, 0.8277942433094801, 0.2716853396551996, 0.09119958772133728, 0.019712750712431944, 0.0038452269209641645
0.006838301512937613, 0.0932837245351356, 0.34078388507406976, 0.7224204277225104, 6.011577637729284, 1.249421840825386, 0.924028322761315, 1.1131406320702595, 1.197596079338172, 2.7247750165799483, 2.399485581993253, 0.8250883266563013, 0.2800864053630489, 0.09497426587452358, 0.020327971972841113, 0.003501895652878737
0.005810383661408054, 0.07747463124021943, 0.2703441904362327, 0.5333141682937389, 3.264432845359529, 1.294346966422492, 0.6003706143213101, 0.5745990583255036, 0.5331947364353701, 1.1616763583118568, 1.2988985016915569, 0.5128658739659975, 0.19902241094742273, 0.07640564371283598, 0.017976601819470476, 0.004884169044085444
0.006748395807910982, 0.09226867798620354, 0.33928603082954056, 0.7281644207524972, 6.409110185422985, 1.0534053540392116, 0.8994010281602847, 1.155060131032194, 1.3064617065903794, 3.1901345270618013, 2.548870934186514, 0.8632411918298605, 0.2897409029782947, 0.09702704234658917, 0.020511483133669215, 0.0037893293918189333
0.005614994864754485, 0.0764037892534373, 0.2764854979990591, 0.5740804536615663, 4.514604851512579, 1.0046799735233536, 0.7473055545266761, 0.8689673699522015, 0.8984833076731273, 1.9649176863038993, 1.7795113959030975, 0.6437179971173548, 0.22836420321871267, 0.08064386475981145, 0.0178289825944662, 0.003749514721212725
0.006277817763030382, 0.08434291265501392, 0.2993367058412761, 0.6084293657205224, 4.37709363302975, 1.5171542579287836, 0.8381661275959446, 0.8386363953981337, 0.7623048549942978, 1.4519282093578416, 1.6942983372389813, 0.6575129817171065, 0.24916510141273734, 0.09385973016877389, 0.02185685082130171, 0.0053039212932026744
0.006429008323464662, 0.08698423767195686, 0.31292031218872707, 0.6485024884397219, 4.903728305158148, 1.3031059602905446, 0.8214803055095541, 0.9117290602752491, 0.92518186702249, 2.024796621663592, 1.9942445927928718, 0.6824154223235219, 0.2359626640333123, 0.08243946560554372, 0.018204864620390643, 0.004288011512055852
0.005111761621420133, 0.06768023115981703, 0.23376484168863354, 0.45555609559944116, 2.5966700557722806, 0.9950738298707333, 0.4517920357197184, 0.4379125349548141, 0.42613331983399055, 1.0475835611417315, 0.9619879459681968, 0.45080414560802895, 0.19264975243838275, 0.07823049190632161, 0.01891978030170801, 0.005266187269262926
0.006156877322166578, 0.08340509626515838, 0.30104862016949424, 0.627903520362734, 4.93802099233745, 1.2641620932578999, 0.818360320871037, 0.9137682103012981, 0.9320156092681203, 2.0501552650058525, 1.9875036582816394, 0.684999132084764, 0.23677455451272714, 0.08228116888675649, 0.01799720719971123, 0.003871819033136106
0.0062744410166819505, 0.08517216709018231, 0.3081237980232594, 0.6430737297431842, 4.985601432193949, 1.4054634103703363, 0.8252879688781533, 0.8987290298059418, 0.9074792986259514, 2.010618390300275, 1.9925388480949566, 0.6991882626927386, 0.24743992977759877, 0.08809950338427013, 0.019639254539478013, 0.004547340662460919
0.006613056022691635, 0.08888133430547915, 0.3163759884256821, 0.6474555228809475, 4.714484737059697, 1.3026830802376492, 0.8237618495370086, 0.8980452716769871, 0.8906144944813205, 1.88878068231212, 1.8322027673029133, 0.7057855487613636, 0.26177678999886234, 0.09476923888074981, 0.021096757413050386, 0.004386701478543016
0.006874396407199454, 0.09275480978772999, 0.33247166274658774, 0.6870435129913466, 5.207917148153041, 1.2076191402190843, 0.8578094529257247, 0.9950811971278496, 1.0364771544063192, 2.2653468686975633, 2.0958384446375895, 0.738564814691155, 0.2559357553697228, 0.08784374984671285, 0.018858460512427882, 0.0035032700660289646
0.006420590209982005, 0.08697448870428741, 0.3147459473095907, 0.6612446183734338, 5.403075329182811, 1.0795603855647313, 0.8159319325765243, 0.9867229320303565, 1.0736880778903786, 2.535580716267138, 2.137162625956441, 0.7546973821813909, 0.26259562406049164, 0.0907693568981149, 0.019651354971034662, 0.003909893382647621
0.005797161931992297, 0.07936192951672938, 0.2916358195676174, 0.6229855295371995, 5.328180383020129, 1.3053472149059295, 0.8515921036824146, 0.9767347604051777, 1.0107855548935398, 2.214337682956605, 2.031487833956644, 0.7631783624908718, 0.27343655585856075, 0.09513999511238114, 0.020460773963145367, 0.003762594725931952
0.005728937497579764, 0.07673851835576069, 0.2727136403554185, 0.5601818453485214, 4.272728631698221, 1.0437985162428323, 0.7058084960051887, 0.7992408875037846, 0.8223290919677347, 1.84022117608108, 1.6013929235072712, 0.649292565336143, 0.25013439625707756, 0.0936218411932675, 0.021403756963911134, 0.004947776167773196
0.006422767222972231, 0.08754975662040675, 0.31914964039011356, 0.6733403697245242, 5.365366853026586, 1.4444867566333468, 0.869980853761025, 0.9622133978467714, 0.9827195037168585, 2.21247817274819, 2.1467648346616546, 0.7398785554160018, 0.26066348419042684, 0.09318268208369354, 0.020920587050226425, 0.0049052801766339095
0.006879266635471474, 0.09391604053109173, 0.34329849527760825, 0.7272343835901124, 5.927355570620229, 1.346971148454757, 0.9334748622922233, 1.0902952397307466, 1.1507463328075007, 2.6058042016525036, 2.3687142941863963, 0.8146061810217319, 0.2817824781112625, 0.0980236630304946, 0.021440082504360993, 0.004328909416619731
0.006995228546012752, 0.09464020016510906, 0.34124289610139535, 0.7122544368034642, 5.679624131657917, 1.1768758798710086, 0.8868785120873633, 1.0716771471687072, 1.1510674131283296, 2.588703613697732, 2.2728811821220827, 0.7933975047314469, 0.2712737665710522, 0.09216658889465489, 0.019705851303588456, 0.003653182857994016
0.004580264884359471, 0.06316469385228128, 0.23503303515998603, 0.5133392265782295, 4.954823185483298, 1.189864381595864, 0.6787047584514501, 0.794001322545053, 0.8733445442267334, 2.235356220591867, 1.8880200843433408, 0.6726494695079626, 0.23878704964597827, 0.08499735164078044, 0.01869218129184975, 0.00449432239314424
0.006600419195575652, 0.09092793661594938, 0.3369807943988066, 0.7257722045114828, 6.3911854966094985, 1.1124906741252971, 0.9031454168718633, 1.146327419376592, 1.29002957802415, 3.1227360203983907, 2.609839801368557, 0.8298120883730643, 0.26686472057828287, 0.0875817138175297, 0.018481341368875276, 0.003184409033240423
0.007540419209680451, 0.10306839740118369, 0.3772165999224494, 0.7992097851728494, 6.4453789138371125, 1.656622621702164, 1.039182936414144, 1.1753635581149413, 1.2128461210165713, 2.679372022261875, 2.6592092835768644, 0.8537104946493099, 0.28260734566387924, 0.09571690735931196, 0.020650777105136756, 0.004265416567598035
0.0070511220804432865, 0.09589564898581412, 0.34823159549011284, 0.7315263327172233, 5.843233843851749, 1.528280684794925, 1.0027063616704381, 1.1137598404921187, 1.1117676308271, 2.309930967498592, 2.349694460125187, 0.8055090591859363, 0.2773681879365117, 0.0961981305236449, 0.021024771712098465, 0.004064141861603751
0.007515385633734922, 0.10262765767546743, 0.3752934560894665, 0.7951827537560209, 6.521528114832352, 1.589184898827329, 1.07078824317547, 1.2344412013938277, 1.2772351524753254, 2.674968519593213, 2.7433243976938977, 0.8358921915996421, 0.26493672886674247, 0.08682977488165027, 0.018321284947367594, 0.0032007757701634785
0.001744920215556386, 0.038850948406525386, 0.20131468736598893, 0.4771950038641964, 4.219206265355118, 1.0357817562309797, 0.5969574362969188, 0.6902327936254574, 0.7508104815424912, 1.8873039785865, 1.5933384083451534, 0.5908195760617077, 0.21998941515683812, 0.08039711970131085, 0.01791009062312397, 0.00444193800867854
0.007155917479426155, 0.09909020562568302, 0.37235148036074117, 0.8212343384076568, 7.772862894647228, 1.5252811390458496, 1.2541755775952907, 1.5504139674256303, 1.6337582036284566, 3.2105147620530854, 3.330434781985378, 0.9045761565697127, 0.2571353111252563, 0.07649869489277669, 0.014899800988283623, 0.0016461031684925477
0.006472339708953499, 0.08936091760754347, 0.33173163386314863, 0.7137326706996399, 6.211563446276554, 1.3853903408287793, 0.9553682801294832, 1.1217042973142313, 1.1885381975257039, 2.731662800656989, 2.4945977048861523, 0.8261097328502597, 0.27699175259711356, 0.09390540285585432, 0.020189585911946546, 0.004144993408804018
0.0068807222618306515, 0.09319364452594948, 0.33629818621725743, 0.7014479517897574, 5.508506810959251, 1.3972383951624194, 0.9293713400968989, 1.0414593834599104, 1.0538518786122617, 2.2554274439968047, 2.1960481820890214, 0.7758699435077739, 0.27020652071359774, 0.09345739153515535, 0.020233783468512682, 0.003978442613947408
0.006258549398433958, 0.08437806311568495, 0.3017182729817487, 0.6207129625484316, 4.681316125199193, 1.425178116821278, 0.8498496665161946, 0.8944305199400124, 0.8567510765459457, 1.6997827385912279, 1.8472082470390514, 0.6811124549836766, 0.24214396886839717, 0.08460167873121215, 0.01838225953017405, 0.003494760538906176
0.006506714045453078, 0.08904866543127832, 0.32694870345326826, 0.6965095025726574, 5.814305108311011, 1.3160300358668675, 0.8606157204601562, 1.0184072032693396, 1.1030645738446008, 2.657565172403993, 2.285749726755773, 0.8068464636536822, 0.28417677622292103, 0.09987260981293491, 0.021923208745452855, 0.004513471037588092
0.006773251644193139, 0.09215403691093979, 0.3346950111808876, 0.7024526242603005, 5.552699562700865, 1.5114906617992363, 0.8969633659330073, 0.9904035823855362, 1.0157581686888812, 2.2903097304047852, 2.229056981439782, 0.768650851368318, 0.26797286010597743, 0.09419117573372658, 0.0207995455001773, 0.0046046389015629696
0.00865165707451575, 0.11644846357930881, 0.4170792214508351, 0.8666170447053692, 6.995725353842683, 1.945963717867632, 1.2999907733571276, 1.434568619802047, 1.3774219797508145, 2.442472041202133, 2.9682065474074104, 0.8938535914529817, 0.2783082865930551, 0.08908959126636024, 0.018327317083644004, 0.002749541607041169
0.0068849527990141055, 0.09385659951819061, 0.342387206372769, 0.7242592981088687, 5.978269714670548, 1.2829586227463252, 0.945003663942009, 1.1206430245166874, 1.1866456620664398, 2.6443287653382743, 2.414146486974062, 0.809699029102363, 0.2723071079242815, 0.09265619105589076, 0.020040814882209292, 0.0036399979186308817
0.007162115226827924, 0.09749780198374208, 0.35460537087365746, 0.7461043830756875, 5.937653937533215, 1.5161486259771335, 0.9330626323493656, 1.0615781005135076, 1.1125294098047898, 2.545691285920039, 2.401406118257324, 0.8112836507268278, 0.28012364660786987, 0.09817360935436747, 0.021694543254522115, 0.004716117724957998
0.006296930250622697, 0.08396038186696872, 0.29551827667210373, 0.5978736945786868, 4.250953301725058, 1.1941816977549455, 0.7632449938372485, 0.819410973908622, 0.8006834618572282, 1.6840278043804227, 1.6769389857455124, 0.6325719335948659, 0.23226905057934588, 0.08401933849438045, 0.01879619009960286, 0.004267190309602001
0.0069876044193660876, 0.09469617862802637, 0.3419754406862253, 0.7135723241386132, 5.57025035766369, 1.327900784255529, 0.9193291180094505, 1.0585481362824491, 1.0914480274976137, 2.3722873144272447, 2.2398534414363964, 0.7770424857454148, 0.26920304727476435, 0.09320072494880674, 0.020238071702824736, 0.004063293245461367
0.0072713723101563875, 0.09724086671778805, 0.3432408506431448, 0.6947986698210892, 4.886077612715474, 1.1936503599014148, 0.8235829152898754, 0.9475856881802518, 0.9798980050341202, 2.125216399116202, 1.9446720857057507, 0.7270619072500748, 0.26333019769721744, 0.09340615856772135, 0.020483845201242443, 0.004004440152491434
0.0075658671611211915, 0.10350398970533001, 0.3794331392052924, 0.8059139817647687, 6.621345343214366, 1.6067078026839412, 1.0322811158869403, 1.1899815238189377, 1.2562224291868826, 2.8580885704817103, 2.7029513165611614, 0.8803277199986448, 0.2961547920970326, 0.1027281137446754, 0.022773171617581304, 0.004742013842882848
0.0047535033077139065, 0.0637180193365386, 0.2267853424084488, 0.46712853469855875, 3.6232875324428635, 1.1791633351021766, 0.6693006795226649, 0.6700770064515519, 0.6186940064657601, 1.2564150714348308, 1.339787998489861, 0.5530837287774981, 0.21611203538329363, 0.08196363587582571, 0.01891343848737509, 0.004737476265272885
0.00618586452079277, 0.08447225287016552, 0.3091971128488771, 0.657311654384343, 5.537091178716678, 1.2811458506170168, 0.8832059476213809, 1.0220413274700284, 1.065323843378802, 2.3721011100690137, 2.1688327636057063, 0.7720749844478529, 0.26964728352196726, 0.09327302747853079, 0.020174292748573137, 0.0039662568266635315
0.004601863833689209, 0.06170785935152475, 0.21949455231965898, 0.4505283084603009, 3.434878116032269, 1.0652425390700218, 0.6252869668464882, 0.6426970680526624, 0.6040221937348549, 1.249559596157188, 1.2554648416349365, 0.5301449117965932, 0.21335453231458706, 0.08405687851406461, 0.020151366742133213, 0.005517703771043062
0.006598904813556462, 0.09018541100285302, 0.33034778321167213, 0.7021956805664556, 5.870581775252428, 1.492158777231159, 0.9475493931703253, 1.067092439498832, 1.0957380991407508, 2.4226074041223384, 2.3052255546403035, 0.8168620087550601, 0.28653172143104494, 0.10008371833594841, 0.021875709294327916, 0.004526927891852118
0.00658875097505316, 0.09019065176699398, 0.3305425082947687, 0.7010221496976138, 5.80167474555579, 1.499276288363861, 0.9633110962635055, 1.0745544167391694, 1.0857162297407785, 2.3395698586467724, 2.3097420229465384, 0.7973753373197704, 0.27493242531164525, 0.09498207936694275, 0.0206404867785597, 0.00421632169653424
0.006335571160225332, 0.08584860862582341, 0.31017839028366895, 0.6484023134683462, 5.129301812673674, 1.2771092374316022, 0.8368032206423105, 0.9419639794752958, 0.9698498952108834, 2.1726231472195963, 2.0158215054759623, 0.7302226534030071, 0.25983419820917997, 0.0916581786148262, 0.020210657872260576, 0.004518547431635567
0.003953881405743803, 0.055423893606115306, 0.2025806971101082, 0.41236531859109066, 3.5770566049628534, 1.2235530744922456, 0.6189444187017825, 0.6170103952971739, 0.5735374447764855, 1.1698812699550811, 1.32912726326549, 0.5242746614903209, 0.19646393414218913, 0.07304043419429858, 0.01602650214591492, 0.002898604543462134
0.006489826781266204, 0.08878129394437516, 0.3258131583899352, 0.6950655331135377, 5.9991238762981185, 1.241326482427176, 0.9490475651882753, 1.1424937956689867, 1.209928539252764, 2.621368281487633, 2.4203213585864947, 0.800750703053952, 0.2618060962395795, 0.08593203512018824, 0.017962021474393255, 0.002892133020258698
0.0017989664009249286, 0.04023603631624941, 0.2077704276069033, 0.49429093337960567, 4.2389159144666975, 1.3382141190665466, 0.6695099929156956, 0.6973225181342271, 0.696352897555438, 1.6205630424124908, 1.5756598414457554, 0.6034044037645888, 0.23391737999209816, 0.08878549405931614, 0.020798636539006782, 0.0058990444962979845
0.006731790787090856, 0.0929223664556399, 0.3464108989302014, 0.7544264682249969, 6.883229665198049, 1.27639334589074, 1.0040980051115016, 1.2768788145358272, 1.4145239015787432, 3.166389598508896, 2.860726286261171, 0.8633239262750579, 0.2579013618693338, 0.07734659888626934, 0.01498128942621622, 0.0017424350105358357
0.006523462390868536, 0.08704139256218216, 0.3056272291355976, 0.6126082448615511, 4.0161769484181145, 1.5734593004432427, 0.6780242616202434, 0.6633089247816162, 0.6438675858077391, 1.479388402778872, 1.5708559353995268, 0.6160946105109998, 0.24221110781946475, 0.0949219410864673, 0.022758013321984873, 0.006894911046577741
0.005944502090858243, 0.07857482041420577, 0.2717754577866551, 0.5351426365234225, 3.3630866904946277, 1.3395059126227267, 0.6521989723364334, 0.6160875554935865, 0.5501077717388791, 1.1094220893497653, 1.2874080955528968, 0.5449485509675116, 0.21625514447850838, 0.08289216656249632, 0.019273976647933715, 0.004712522749720987
0.006013812662729925, 0.08074429270682132, 0.2862177630381996, 0.5803499873890405, 4.050546789804639, 1.41700935159892, 0.7734779907796465, 0.7655051263119721, 0.6970637982071893, 1.3715839669500256, 1.6628412782396942, 0.5779165125099209, 0.2047364602497333, 0.07332854110956318, 0.016457300323202938, 0.004028974252140431
0.006656287023589154, 0.09084110526377116, 0.33184351668170364, 0.7023600050523751, 5.728555781140341, 1.3734229263799465, 0.9240474117889707, 1.0575161432508637, 1.095952737434036, 2.436649637866373, 2.302254689988207, 0.780794622577276, 0.2689625064138754, 0.09410053215363956, 0.020814049439848038, 0.0042103507753262675
0.005474530409809678, 0.0733163648165191, 0.2588019092367915, 0.5214284255890638, 3.4899000539336074, 1.2745741302530025, 0.6101343241928245, 0.5995318450067763, 0.5723325933967668, 1.2958444408528011, 1.318984571984054, 0.553070343512244, 0.2217087281421712, 0.08619090239704542, 0.02027025605056516, 0.0052040100984077076
0.006372811459947377, 0.08704582920273761, 0.31871140843547263, 0.6774232429035175, 5.611288937529593, 1.311567440948261, 0.8806279157559462, 1.0161793033442756, 1.0668635288163968, 2.448143795042642, 2.2171233628911144, 0.7753538366932364, 0.2721045423122547, 0.09569148748124552, 0.021065161337160934, 0.004517213981361068
0.006633253226498558, 0.08948447435001221, 0.3207760823608064, 0.6637113074150067, 5.142185070534437, 1.2802121504822719, 0.9038213115490479, 1.0219412219513504, 1.019076996748339, 2.0506125300328404, 2.0396834934405224, 0.7344578278149823, 0.25748577938370604, 0.08990772244412305, 0.019740385035669838, 0.003683235108610676
0.007843813854044363, 0.10669026715413128, 0.38779714886207345, 0.8162762801919478, 6.575852671386269, 1.4034624991607159, 1.0749829678380376, 1.2829280317253249, 1.3457665609931753, 2.8450557834827324, 2.7215875291905194, 0.8753967125642531, 0.28217652831934464, 0.09162253018388573, 0.019028381539054375, 0.0033219068155165457
0.006897824165071863, 0.09312253326173389, 0.33404318078934064, 0.6905605730055232, 5.202192597886274, 1.3253166282826647, 0.8451821899414964, 0.9670317272747596, 1.005643689004031, 2.2218082907472025, 2.101381201566946, 0.732223054663409, 0.25660629922690803, 0.0902068331384158, 0.01986285713951772, 0.004226104443389932
0.006625960003733796, 0.09153961799037273, 0.34129252349297773, 0.7417494737971613, 6.685066713497568, 1.2818738029724739, 0.9763666934721386, 1.2160935883763127, 1.338993221550074, 3.0943757239133447, 2.7721647904947755, 0.8415006940373646, 0.2590704308560929, 0.08115511092052866, 0.01639938022371894, 0.0025076374143007014
0.00724756247248483, 0.09968091536253758, 0.369174201204213, 0.7964194631396536, 7.029955324717264, 1.6408203091384632, 1.1365514177585694, 1.3112496161822613, 1.3508164175386936, 2.908110668647591, 2.8556009674938814, 0.9125696094624434, 0.30074376067155284, 0.10245316754502118, 0.02241728423441618, 0.004323455290757237
0.003621712001195316, 0.052869677675552874, 0.20690453983998927, 0.4479327380689845, 3.6263358748793313, 1.124320437800876, 0.6245736270254949, 0.6465270631247871, 0.6219577053734321, 1.338372951934996, 1.3467042695769131, 0.5356008091453004, 0.20906933747882345, 0.07980718101897996, 0.01864995215157731, 0.005098235196050712
0.006705207962918209, 0.09068717267358646, 0.3266273779615365, 0.6799132412665781, 5.290549685023213, 1.3245632035189236, 0.8687648682362896, 0.9820766457541029, 1.0109964635153916, 2.2345185327380195, 2.1047417842757765, 0.7475378223061364, 0.2640867032728651, 0.09307421213696465, 0.020499075215957667, 0.004367168917441731
0.0061578133704276025, 0.08270766507789994, 0.294091883920629, 0.6011970071137387, 4.374314066944596, 1.271285471241792, 0.7520049024594859, 0.8159991332818644, 0.8120403500382883, 1.739548689631047, 1.718837128350218, 0.6457233500003021, 0.2378366123208872, 0.08652627419889171, 0.01945517577077007, 0.004351139447666778
0.00634544222856901, 0.08750351476985552, 0.3243570076916169, 0.6968426445043507, 5.988517296693665, 1.433911093125783, 0.9295773690697068, 1.065838814919695, 1.1184352371902297, 2.5741571357033726, 2.3889532797199, 0.807049967166882, 0.27449073648794714, 0.09392048196249932, 0.020274056958025772, 0.004092384762302639
0.006744516530341382, 0.09124333769985042, 0.32821466270339267, 0.6799746357264106, 5.0709411662726165, 1.5102960841297721, 0.8424015361693845, 0.9048473983333042, 0.9105427612861124, 2.026664877729578, 2.061389004373479, 0.7073421872215047, 0.2491908736075475, 0.08925124277142459, 0.02008452148860245, 0.004906506656732226
0.007490441709685055, 0.10276669922821162, 0.37834625940599115, 0.8075546656727467, 6.746323549651525, 1.6972011479718878, 1.0887743751386079, 1.2405194155750028, 1.2792960154092217, 2.776617487723492, 2.8012135690660767, 0.8731230511052877, 0.28064318804386706, 0.0924495335489613, 0.019519087891711598, 0.0037199070923729744
0.007236246177629497, 0.09963622388146738, 0.36941403056196437, 0.7966306924321205, 6.899670212812754, 1.6203553464681526, 1.0701784242455188, 1.2411995087161631, 1.3066681274206051, 2.9640070229844486, 2.8390770116028707, 0.8881348847250481, 0.28650234545930114, 0.09523100841114368, 0.020366465465477913, 0.00371837462967472
0.006168025218786161, 0.08282107986654753, 0.2947610961799187, 0.6043093591118579, 4.471835901441285, 1.3702061265893328, 0.7901621037589183, 0.8261318078313941, 0.7992667852179316, 1.692956722185377, 1.720669534881387, 0.6676034252590196, 0.2522327154219682, 0.0939100951152034, 0.021517943401105286, 0.005298440412158234
0.0060271749736271665, 0.08138917536531352, 0.2917284456374881, 0.601495998640763, 4.490066245958484, 1.3134024708702123, 0.7686671786491641, 0.8275642448312455, 0.8214336954470871, 1.7630852943906137, 1.749371700807826, 0.6610348074523964, 0.24406584967394326, 0.08884120565700038, 0.019976921232694164, 0.004404179217644887
0.004241879305980062, 0.05966469069081237, 0.22554382398954195, 0.4941216416861441, 4.676244328012695, 1.289536424175598, 0.7046712382975682, 0.7793396082072033, 0.8068352163319563, 1.8861021350139033, 1.7392308506158112, 0.6552302526717642, 0.24203623278054615, 0.08822044196888051, 0.019855830798239115, 0.004861842685349293
0.005945196906161379, 0.0793514358486452, 0.2795459009973763, 0.5652827230996016, 3.9775669013011754, 1.1624251644357844, 0.688438959459158, 0.7346135808163895, 0.7287160882376327, 1.6099677491046644, 1.5213035211131003, 0.6120432517163406, 0.2366392079332419, 0.08935010469405485, 0.020616374017600202, 0.004973060071108043
0.0034761122777650605, 0.05408964187325974, 0.22448241765063837, 0.50284320102542, 4.392598115429185, 1.2163730529095198, 0.7261043147586769, 0.796607019440708, 0.7929537474737146, 1.6880893252827713, 1.6212169258799218, 0.6362543613093404, 0.2421558890302818, 0.08982748918490283, 0.020477559376336354, 0.005095676244336485
0.007154572293493341, 0.09664640859252721, 0.34685592589102676, 0.7171610950675125, 5.408002580367831, 1.5461653339006218, 0.9097219671780111, 1.0011814257955007, 1.008797719460527, 2.14814135112165, 2.1323558761149797, 0.7830288384561809, 0.28337123264403635, 0.101341380697488, 0.022452177703850676, 0.004643515929438911
0.006298569775010905, 0.07809461176092773, 0.24842428285952453, 0.49175837772352127, 4.821607331699635, 1.2117059436584463, 0.6473303754524069, 0.7490416771828814, 0.8270808017155659, 2.1624694243763725, 1.8098480509473314, 0.6786020568135521, 0.2391513149399909, 0.0857913225775268, 0.017903063709301947, 0.004057378522895825
0.006386758718795771, 0.08741195535371249, 0.32087446213055265, 0.6825624726322638, 5.595410825489119, 1.5434741809613557, 0.8880855238619962, 0.9767080833999562, 1.0022442651236343, 2.2986856411363883, 2.2538017177867116, 0.7539377012016413, 0.26128876986169514, 0.09320777687449633, 0.021080176844769618, 0.005184912824872704
0.007089882217338813, 0.09508514084733705, 0.3372101795252366, 0.6866506988577848, 4.91284103091605, 1.2829050441019016, 0.8448720924485226, 0.9442805833936493, 0.9576314729048268, 2.042727890467505, 1.9499710505788754, 0.7260089053323949, 0.26241070113362874, 0.09321256501226183, 0.020502217141028584, 0.0039916721022724725
0.007352352734545744, 0.10116522232685794, 0.374339685130259, 0.8047465963838901, 6.955164720088921, 1.6532166928655894, 1.1085357724982041, 1.282065032108788, 1.3330156562566347, 2.9070822922469186, 2.835607141184792, 0.9119660567587669, 0.2958975887382355, 0.09688373862532408, 0.02019467789606119, 0.0034675386542035377
0.004893111074189755, 0.06785696359905763, 0.25306909695872676, 0.5439041252268497, 4.734485634833745, 1.1694673783806178, 0.7575421833137397, 0.8509128815860575, 0.8719922420862777, 1.973021220524336, 1.8418340847822576, 0.6518747732087388, 0.23217126500885477, 0.082916826198429, 0.01850214612028743, 0.00458537915391779
0.005079140606118499, 0.07061282878030048, 0.2609876123422468, 0.5451729144143651, 4.24068965149212, 0.9960729517455601, 0.7003547143388034, 0.8078597203056351, 0.834233159762497, 1.8226398761433942, 1.5610894543379286, 0.6527191651116181, 0.252715049178374, 0.09369922583147984, 0.02115190263338677, 0.004601580381792793
0.00508315689370683, 0.06981108081585016, 0.25697154024835656, 0.5466276678441653, 4.6378431947260745, 1.1723819614454736, 0.7365914953425531, 0.8242150824246971, 0.8495201709016057, 1.9476618597709698, 1.747537080971067, 0.667123142580646, 0.2506208284391153, 0.09374974920611086, 0.02171725385665018, 0.005415927965461397
0.006561144941291335, 0.0905346315646015, 0.33747893365032394, 0.7349892665485324, 6.663649963724443, 1.3836466176641589, 0.9630013719944716, 1.1637528204700276, 1.2728351471595671, 3.0719546832241202, 2.642288947657491, 0.8855616393800746, 0.2984638388637211, 0.10109071346840094, 0.021624770018419587, 0.004230558564779903
0.006696122157787541, 0.0906407743308921, 0.32706837568651886, 0.6831952148379158, 5.445033229303911, 1.289815173750941, 0.8958794008688068, 1.0284831186277235, 1.0606436764079332, 2.3129777134603198, 2.127400336938602, 0.7790694633831354, 0.27888109785477616, 0.09864235423596407, 0.021700112554165683, 0.004521452271247769
0.007720991399709292, 0.10562280749455522, 0.3872504517686194, 0.8224550137704035, 6.743838005261059, 1.7800871567970034, 1.1061463063845491, 1.2427698461949181, 1.2681340246985306, 2.711026119163788, 2.8229117970361104, 0.8672874045494365, 0.2794760682911035, 0.09395955638159736, 0.0203942571242525, 0.004068261807131994
0.0062990344781840785, 0.08476587105003666, 0.3023263309474255, 0.6201491824370775, 4.543463255955764, 1.3171207142971184, 0.8114503046661291, 0.867650277656495, 0.845271425575089, 1.7423742081189928, 1.7895628621357196, 0.6680666029463161, 0.24258030093558688, 0.08678187932956061, 0.01923445539517776, 0.0040125339571924195
0.006323173391612707, 0.0858611965498397, 0.3116609449879398, 0.6563544636161064, 5.347959759314499, 1.260432750110073, 0.835044185579259, 0.9628686869940886, 1.015234597290866, 2.354773476299851, 2.0904583165272896, 0.7544574434090675, 0.2706234145323199, 0.09662568915626304, 0.02146030503189335, 0.00464931466165948
0.003673584028000032, 0.05907353192253645, 0.253162726442024, 0.5838079711024754, 5.563722519620799, 1.1625907973839575, 0.7252201095038212, 0.8928374263112662, 1.0201254383565268, 2.685559734142882, 2.1295989363521732, 0.7524265372414408, 0.2639173342683465, 0.09142390270754978, 0.019777935979447294, 0.004239516398226376
0.0054699418186186675, 0.07653785782329701, 0.2894857854953618, 0.6338479559235692, 5.79484105731544, 1.2869764029211244, 0.8382902255790137, 0.9884877267945977, 1.0727584146249094, 2.62610639975012, 2.263739741989451, 0.7795479902859671, 0.27005335241517336, 0.09385198606895553, 0.02049713807043447, 0.0045678914583838996
0.006564881584137023, 0.08813694162301318, 0.31311194520319935, 0.638973270974059, 4.594910861221787, 1.3722471428514962, 0.8190728366934825, 0.8711020534142786, 0.846531736870016, 1.7619546951269136, 1.8072038829989325, 0.6815095822384467, 0.25093659922497696, 0.09104323690145878, 0.02040592333760802, 0.0045021179975830265
0.005886377522317732, 0.07916837927248163, 0.28216926596521574, 0.5785083675258351, 4.2598723214782686, 1.1227258944258072, 0.70123252463237, 0.7835587042330272, 0.80592863011229, 1.8138898514636674, 1.618961852909915, 0.6480716825322962, 0.2479802719922029, 0.09218149847694529, 0.020928530842076486, 0.004653909852893303
0.006409728317985731, 0.08671684476789032, 0.31240748405250723, 0.6503505289541381, 5.060890158957076, 1.421596458681026, 0.863320931602258, 0.9366542012930458, 0.9311976622044672, 1.9892449838935324, 2.0045403918714544, 0.7176635801856985, 0.25566955738572344, 0.0908933071947934, 0.020159709855111937, 0.004355224164981977
0.005868392449854922, 0.07863512489319079, 0.2785006765635353, 0.5662935832309648, 4.054425999109961, 1.158076351198333, 0.7030977228862114, 0.7599759439110537, 0.7555626368359577, 1.631153030820149, 1.5363457552816795, 0.6227078832350613, 0.2425736752350732, 0.09303480533431464, 0.021900536570329896, 0.005440148733595689
0.007304863987973221, 0.1008007755712156, 0.37533707685661405, 0.8151096783135843, 7.284517397251716, 1.522549997907289, 1.101329381522243, 1.327756119256678, 1.4278047848900597, 3.2396708173581543, 3.006269906797651, 0.9272710153456879, 0.28937875228278903, 0.09141863875212265, 0.018528154466634673, 0.002794037826640791
0.0066248829658553995, 0.09037560868774248, 0.33065236536590686, 0.703839576353619, 5.986678023689724, 1.1044174874224373, 0.9073287885445357, 1.1202679699204032, 1.2192894416732123, 2.8020558379067384, 2.396492544743629, 0.8121003025789216, 0.2716604938031154, 0.09049497447447513, 0.01903267228297414, 0.003368457222723073
0.006223822313752943, 0.0838019268723599, 0.2992913583107886, 0.6154119978260328, 4.569276556646018, 1.27051383672402, 0.7693697618669101, 0.8400458584277559, 0.8482287766461681, 1.8645345416641768, 1.7661937414776128, 0.6810389775212953, 0.25353494758446943, 0.09236964577381929, 0.020701706403608505, 0.004470566318702334
0.00696783270620407, 0.09463732465652744, 0.34307290236568716, 0.719578496368262, 5.735162427737958, 1.4451875880863614, 0.9439617230128585, 1.0653842075197733, 1.0912421955076987, 2.385179952206983, 2.3259636658772043, 0.7844498737313482, 0.26490706037557993, 0.08994265743105359, 0.019416295945213106, 0.00458014046366881
0.004858024240055465, 0.06557930149282166, 0.23676533126327487, 0.49783175085512815, 4.170212793902142, 1.1942723218796583, 0.6576382311242591, 0.7099198027859136, 0.7221915965455303, 1.7011057385132642, 1.5835652521592563, 0.5938843036847419, 0.22478684121485493, 0.0856012388387729, 0.020091107262141458, 0.005913200201890745
0.005867369285072788, 0.07888633153520089, 0.2803542624579535, 0.5701287698591055, 3.9742734814963616, 1.2663079163669229, 0.672165901663925, 0.7038242193006388, 0.6998124272289699, 1.5805343747001304, 1.5452983134527891, 0.601345441708874, 0.2297274801886933, 0.08672914375299304, 0.020114805202333233, 0.005168363613371311
0.005753839892804958, 0.07828013466342541, 0.28523080291583497, 0.6043585658396282, 5.074915207729537, 1.1843503732413678, 0.7902177448433932, 0.9124947877770448, 0.9601791968148368, 2.2195878457257834, 1.9337651724001608, 0.7288002679189536, 0.2672858276669158, 0.09645170862073565, 0.021507944150796487, 0.004493740778426202
0.006926072804572799, 0.09461741860133661, 0.34663039872938894, 0.7378745723102494, 6.216177122630911, 1.2424783410423728, 0.9498191757784906, 1.146656643415506, 1.2380359991126402, 2.8502986147923277, 2.51403911270676, 0.8345609431451132, 0.27666977315942776, 0.09199882592808986, 0.019387659824928807, 0.003483891748742016
0.005690775900974422, 0.07673131148642567, 0.275190990619656, 0.5708450596436128, 4.488569799782777, 1.1322772145146682, 0.7824294774775477, 0.8661123309648494, 0.8589365103785868, 1.8056081334293121, 1.7283772086595397, 0.6586065615688224, 0.23944324141682666, 0.08499726645357862, 0.018656316921366708, 0.0037347135702972666
0.0045212926376149935, 0.05919257417384126, 0.2024832436427062, 0.3923622542058333, 2.421084522503779, 0.8076913622823799, 0.44948043917084174, 0.4489937469959153, 0.42665755350889245, 0.9540511252787307, 0.8736060110102526, 0.4114713301153502, 0.17843226028361123, 0.07456311598894269, 0.018625157811313655, 0.005923260268725697
0.005918180542520636, 0.0806790286633572, 0.293025109404234, 0.6124556766123503, 4.8676996059408735, 1.2933775020527807, 0.8220757538744535, 0.9100276310185414, 0.9139403341805631, 1.9531758556917342, 1.9277942703172635, 0.6850943433354993, 0.2414244568138206, 0.08496600574447805, 0.018718492810211266, 0.003941933390751659
0.006523462390868536, 0.08704139256218216, 0.3056272291355976, 0.6126082448615511, 4.0161769484181145, 1.5734593004432427, 0.6780242616202434, 0.6633089247816162, 0.6438675858077391, 1.479388402778872, 1.5708559353995268, 0.6160946105109998, 0.24221110781946475, 0.0949219410864673, 0.022758013321984873, 0.006894911046577741
0.00744511523359212, 0.10024258289489231, 0.35807686575242037, 0.736478288618614, 5.466988125902819, 1.2584526008757664, 0.8789965558706, 1.0376797670319062, 1.1041687749082663, 2.427008348614776, 2.191530693203408, 0.7853048153530584, 0.2760243327238049, 0.09583190125327874, 0.020715675360372728, 0.0038068675276538484
0.006157083471144461, 0.0828384990129421, 0.2957215313234262, 0.6083865064709602, 4.525245066817537, 1.259423945277025, 0.7582518626343995, 0.8292909751190976, 0.8381902569383121, 1.8561139849694634, 1.7777863614198448, 0.6595530476197152, 0.24219928761569295, 0.08825540629355651, 0.019902325717023432, 0.004581786227316374
0.006522493468565244, 0.08915738840092727, 0.32634109665773897, 0.6915888563910759, 5.617486367953919, 1.5246535371304135, 0.9365908597673255, 1.0259653675464941, 1.0294181556723785, 2.2389287809021337, 2.2884114920320893, 0.7542332479866088, 0.2541386338505347, 0.08691540043632268, 0.018812581827526313, 0.0038657802601751133
0.007451646188440801, 0.10229316706163419, 0.3774934451673817, 0.8099251536359358, 6.906873126209254, 1.8662454679865081, 1.1367307339360733, 1.2465959421811441, 1.2548932495518896, 2.7213575467686937, 2.8070568913389353, 0.9097002786444133, 0.30314158543899694, 0.10299012299295668, 0.022216127968325568, 0.004539768290969155
0.006749686567949505, 0.0918454185694746, 0.33390671963568036, 0.7027379905432285, 5.686720068549624, 1.3505144744151816, 0.9247882688601118, 1.0657433398709348, 1.103992318897354, 2.413451924296303, 2.2793253060468546, 0.7834942481954954, 0.26926386038890565, 0.09320475814164594, 0.020373572272419274, 0.0038180274861005863
0.006550051503157278, 0.08755138722582018, 0.3087930814646308, 0.6244255980867234, 4.362478981488012, 1.3124137021018458, 0.7745349644790994, 0.8223889228779744, 0.8042357662082517, 1.7016849173535298, 1.7303903186820349, 0.649639145240674, 0.23937906037546733, 0.0872446355280023, 0.01968108556121345, 0.004595738223538991
0.0044313919641247755, 0.061913585519160194, 0.23301695515614348, 0.509740111860822, 4.809514629378225, 1.2399834305384179, 0.6802804389286891, 0.776281274573628, 0.8378016698884304, 2.0834100162814955, 1.7797761350988532, 0.6798005982490167, 0.25116966170080895, 0.09124887049643772, 0.020448391251896004, 0.0051460617085284585
0.005218795599296266, 0.07059886777689517, 0.2563370066118511, 0.5451830881366173, 4.795523351292776, 1.1103187538190276, 0.677716697267447, 0.7972337439038407, 0.8755559264749597, 2.2196465844004947, 1.8160057977920043, 0.6776657475274074, 0.2500436247019194, 0.09166129493237493, 0.02069890319529827, 0.005187743454108423
0.004895366453550062, 0.0667236378394141, 0.24257561146922252, 0.5080647147990135, 4.064999693522715, 1.3073760596685804, 0.7369638801544839, 0.7504498153372082, 0.7007243942518618, 1.4098867343854227, 1.5448118413635346, 0.5957088371837791, 0.2226304582924772, 0.0819254584164666, 0.01861020079369542, 0.004437950630905114
0.00800475793733819, 0.10748156647964985, 0.3819196378730178, 0.7795166502529425, 5.66457780432192, 1.7287616607074499, 1.0211363940865839, 1.095480671062276, 1.0639103764037905, 2.0863467469589145, 2.396308404002755, 0.7648847432444869, 0.25379529511924775, 0.08653536200210561, 0.018799563057652773, 0.004028971240867229
0.006845074472484641, 0.09250922045055006, 0.33259546654612665, 0.69029256348863, 5.324308726023116, 1.3830031680399446, 0.8829911507949763, 0.9885827395767972, 1.009432033561608, 2.212033970184802, 2.1292492991133707, 0.7513858261091421, 0.2638390363578291, 0.09253976438857432, 0.02032461209649973, 0.004342117777350134
0.004241879305980062, 0.05966469069081237, 0.22554382398954195, 0.4941216416861441, 4.676244328012695, 1.289536424175598, 0.7046712382975682, 0.7793396082072033, 0.8068352163319563, 1.8861021350139033, 1.7392308506158112, 0.6552302526717642, 0.24203623278054615, 0.08822044196888051, 0.019855830798239115, 0.004861842685349293
0.0046881279370516015, 0.0626882911724188, 0.22119273978726353, 0.4444000746729885, 3.0700564988874524, 1.0073736778346973, 0.5595490361570905, 0.5619683524172948, 0.5297610949929011, 1.152501933092341, 1.1362778492946624, 0.48856634575246616, 0.19940815060487774, 0.07909656263561785, 0.018964122323381665, 0.005343176642159198
0.006606350124484143, 0.09003408729860093, 0.3279373446150831, 0.6905596976213462, 5.4463906541797105, 1.6168210291910068, 0.8510205830411052, 0.924241194302843, 0.9535650569228343, 2.228918352387396, 2.2241430243531592, 0.7337073285826313, 0.2534535015176123, 0.09029485256093514, 0.020372369699236954, 0.005147849921851748
0.006983333639294537, 0.09445234609743478, 0.3397109082781245, 0.7044281387334362, 5.381201346716503, 1.550530759989199, 0.9505394239261264, 1.0204550791415608, 0.9970395624622185, 2.0409096240913964, 2.211417764024234, 0.7350330878442167, 0.25061773168251045, 0.08747797651218264, 0.019385984314663703, 0.0039455465070682046
0.006752605669776074, 0.09073242356237662, 0.3227535022245929, 0.6598534276424456, 4.821223799775135, 1.3302929283136737, 0.8259882547248207, 0.9070206373036297, 0.9120361768866975, 1.9550822123519478, 1.8950699762799188, 0.7109107380978084, 0.26048182040913087, 0.09465915060162743, 0.02137049796826137, 0.004554859914240563
0.006798721633490777, 0.09272364453721582, 0.3385434992376425, 0.7169375423050217, 5.915070771769049, 1.2493566744598261, 0.9184141608234341, 1.1025187054763386, 1.1788523494137815, 2.6581791480944243, 2.3586156784064958, 0.8154895337601683, 0.27856073093675054, 0.09465553789673929, 0.020212842909081027, 0.003750125026765733
0.0069592553481135485, 0.094623148093006, 0.3433812221040426, 0.7197795228381001, 5.623856660221867, 1.4761323642374367, 0.9186548207307109, 1.0270436452059342, 1.0528601196989829, 2.3412161103496048, 2.2836335837692836, 0.7712789643369281, 0.2659103408158245, 0.09317608407334986, 0.020609298730782398, 0.004330266435034378
0.006600419195575652, 0.09092793661594938, 0.3369807943988066, 0.7257722045114828, 6.3911854966094985, 1.1124906741252971, 0.9031454168718633, 1.146327419376592, 1.29002957802415, 3.1227360203983907, 2.609839801368557, 0.8298120883730643, 0.26686472057828287, 0.0875817138175297, 0.018481341368875276, 0.003184409033240423
0.006422767222972231, 0.08754975662040675, 0.31914964039011356, 0.6733403697245242, 5.365366853026586, 1.4444867566333468, 0.869980853761025, 0.9622133978467714, 0.9827195037168585, 2.21247817274819, 2.1467648346616546, 0.7398785554160018, 0.26066348419042684, 0.09318268208369354, 0.020920587050226425, 0.0049052801766339095
0.003967627628547248, 0.0570030628404946, 0.21994821020917177, 0.47901511358419585, 4.207207444451431, 1.2273506715520148, 0.6648751405642696, 0.7146526451145532, 0.721759971305251, 1.6522869821783617, 1.5461152104569216, 0.6089429376929527, 0.23577742318393602, 0.08921353925808276, 0.020642949740118616, 0.005471219697557883
0.005387655629490254, 0.07298288442081641, 0.26358998105252995, 0.5504123515788991, 4.327681057933347, 1.2975134395791454, 0.6602597622413331, 0.7104263649138814, 0.7384034762201467, 1.8184183490428332, 1.671556139868711, 0.6207690879522916, 0.2338993886340064, 0.08909200528269098, 0.021043371214335995, 0.005850546739142062
0.005438787743944016, 0.07190242920536653, 0.24898682747899892, 0.49158472004169024, 3.128709444821181, 1.1999233283798627, 0.5969082978365376, 0.5676513660725103, 0.5130344900715897, 1.0761203982843064, 1.1776854701604178, 0.5103774183811042, 0.20655701085038028, 0.08054597804301995, 0.01896508631419921, 0.004898868262568632
0.006564881584137023, 0.08813694162301318, 0.31311194520319935, 0.638973270974059, 4.594910861221787, 1.3722471428514962, 0.8190728366934825, 0.8711020534142786, 0.846531736870016, 1.7619546951269136, 1.8072038829989325, 0.6815095822384467, 0.25093659922497696, 0.09104323690145878, 0.02040592333760802, 0.0045021179975830265
0.006378603418209878, 0.08635144244556094, 0.31016983523370784, 0.63934825693114, 4.776689384932491, 1.3057615713072084, 0.8098753368414873, 0.8891735420656653, 0.8942967682739, 1.9475165057250452, 1.8914343432249552, 0.6913230147210784, 0.2491520113520285, 0.08916525315354241, 0.01985801594485664, 0.0044287690821296615
0.0063615260226591135, 0.08520150715288642, 0.30161185938274476, 0.6131103822317032, 4.37381579175268, 1.2888606157923899, 0.7748374841904819, 0.8225565683415118, 0.8029379231093913, 1.7136227495510372, 1.7289727106137287, 0.6466750519513026, 0.23815152201425893, 0.08696209250128463, 0.019666582464949105, 0.004605434778696205
0.007248120240302627, 0.0995461984335892, 0.3673936301850343, 0.7874241466299449, 6.686202929332215, 1.7220536761480192, 1.0908759392617635, 1.2293475809586627, 1.254836888387071, 2.6879890889194233, 2.7725947888240725, 0.8600667567192017, 0.2755840165751445, 0.09054780127187205, 0.019065324001610942, 0.003517984910337228
