2.4604912832672987, 6.529268529900443, 8.674487043423246, 8.934556548204142, 22.499615825147664, 18.9625106585904, 9.008929691783882, 8.124789917562289, 6.222007099518822, 6.991659413548924, 16.225592639786164, 5.526763917779706, 1.9154025418225766, 0.6644826863317805, 0.14347996191367748, 0.012662294339938747
1.5742166370671764, 4.3068706945919235, 6.046111739383411, 6.704222509519643, 21.32338562111257, 14.498981072548377, 7.06788311802153, 6.659732976764013, 5.386120846871568, 6.70945629457277, 13.910432880428807, 4.278068100917667, 1.3258920222955448, 0.4029287608605132, 0.07535821007278651, -0.014545529093769861
1.6792991320801092, 4.641429595797694, 6.619512145709968, 7.461131966291068, 24.512889745650508, 15.351346250615737, 7.704070715555328, 7.427030385210765, 6.21358136160744, 8.608605781831296, 15.358148558448347, 4.931848328427722, 1.5993255068986507, 0.5102275200459812, 0.1000955730277002, -0.013026302076707323
2.031772997523043, 5.578438552869479, 7.8948703930075546, 8.842619518334953, 28.401496713980592, 17.4592471698778, 8.805552077075443, 8.559054187290474, 7.303958263589503, 10.96472451749297, 17.609899998429185, 5.910286654231599, 2.0373612924313256, 0.7100160085946, 0.1547443001908637, 0.01581718377658025
1.4619581528436751, 4.027426951455521, 5.730451343385728, 6.478393531003572, 22.02581731158662, 13.71748252751292, 6.909804515493755, 6.680071479235383, 5.550509548951941, 7.278263875952938, 14.04279779974007, 4.187470162513138, 1.2438460126089632, 0.35606095782453967, 0.06164324079214125, -0.022539678314404323
1.1562549261052877, 3.2090278346280474, 4.646010569886944, 5.395096337093333, 19.762961927828034, 13.74952232429479, 6.212123013999916, 5.603387845611142, 4.321351735764971, 4.595951546644404, 12.049244296362549, 3.5959529422750345, 1.088286025392625, 0.3213568717554743, 0.05734674113931974, -0.02097600681141047
1.5400255800956437, 4.241019291220576, 6.02079002076161, 6.767177563590684, 22.136797795436628, 15.452514726894613, 7.214690075056994, 6.627815915260678, 5.259501544770814, 6.440033626072079, 14.03465410071835, 4.392999161671592, 1.4087521383110226, 0.45155776165014205, 0.09016426083477419, -0.008123528228674078
1.5590246140541841, 4.270065349443434, 6.019128977206287, 6.731197652335744, 22.1823269144616, 14.37848206059123, 7.066283623270439, 6.770296601304605, 5.608012986615919, 7.335245365153349, 14.23336478986363, 4.329299484801278, 1.3483965905325725, 0.42070114216424453, 0.08224477017849685, -0.009848785032357714
1.9783297644017899, 5.357949570670885, 7.37579319281978, 7.955126269712934, 23.146783790633297, 17.128660198287374, 8.201697873556366, 7.583797658400656, 5.997409213758839, 7.2465488452538755, 15.466222906652579, 5.059660888465982, 1.6890294677613775, 0.5649707997602963, 0.1180364042978185, 0.0020326369716613217
1.5215779748450329, 4.260073092253177, 6.222094530199532, 7.247007825665386, 26.3232582059842, 13.56269709401775, 7.432685311253696, 7.624502467127841, 6.810124396824977, 10.64582312081326, 15.705655894002962, 4.982125240335416, 1.577109309525702, 0.48469111423333067, 0.09040236138994975, -0.021696769472027838
1.8384722710760442, 5.006608235228048, 6.963810265366365, 7.6168533963496925, 23.124566405148318, 16.491768626735166, 8.02446992841713, 7.419603697040881, 5.868197594068229, 7.067869099748854, 15.212470804246392, 4.879839156997514, 1.581101063852079, 0.5041561474891448, 0.09896649989059567, -0.01217282664915085
2.313077489960504, 6.172327265104552, 8.280321368571855, 8.643851705527435, 22.91813420663091, 18.389726460735584, 8.748904976146125, 8.002578242838814, 6.237377016462569, 7.2244502262362795, 16.132743201332566, 5.373215883737618, 1.8355112162990768, 0.63097610601639, 0.13531156466602975, 0.0075444622938022135
2.4604912832672987, 6.529268529900443, 8.674487043423246, 8.934556548204142, 22.499615825147664, 18.9625106585904, 9.008929691783882, 8.124789917562289, 6.222007099518822, 6.991659413548924, 16.225592639786164, 5.526763917779706, 1.9154025418225766, 0.6644826863317805, 0.14347996191367748, 0.012662294339938747
2.4197606232655895, 6.453802409125578, 8.651303701969068, 9.023779069305148, 23.75342070659081, 19.831142150925487, 9.186822337397517, 8.216670016458801, 6.268008603665748, 6.99787216010589, 16.658774485385933, 5.628570916512597, 1.9608179996903272, 0.6911767755854644, 0.15213429119813182, 0.016788144954682737
1.3499544139760147, 3.7445454413579284, 5.395841004816089, 6.198960198369298, 21.761787440507554, 14.220396962638487, 6.704424241281955, 6.25754320527113, 5.068894996236979, 6.507307293095937, 13.440229343398714, 4.089643347211241, 1.2714380414980828, 0.3921141230108719, 0.07482130319146545, -0.014540617745966029
2.746599336183154, 7.081701075787569, 9.22983740641112, 9.640243499699924, 27.826671948479692, 19.874236590669938, 9.63424028988715, 9.070364105926766, 7.490578328726129, 10.615411316186615, 18.399802014230193, 6.450548140595025, 2.331756897181944, 0.8539695951626751, 0.19448238848997693, 0.032015680279565965
1.658641305654378, 4.543387917806937, 6.388881394356116, 7.0956355212671, 22.674762984600005, 15.45714173724387, 7.472590785211186, 7.006159157840479, 5.6546669175723565, 7.110335296632942, 14.5835795720986, 4.588630925011178, 1.4693413320296964, 0.4665406576480491, 0.0916986510860582, -0.011142321365690799
2.123063623648438, 5.712323652313879, 7.7800310841109255, 8.284482898971355, 23.104881194079834, 18.498484649206556, 8.36851386728823, 7.503656438097506, 5.818237554869384, 6.986372711809803, 15.612020457402297, 5.259451025866431, 1.8268357158892938, 0.6405599671108909, 0.13994618202732326, 0.013055793864460704
1.974274342117518, 5.3457201606551665, 7.3516526282050485, 7.904454172032317, 22.327600380626585, 18.095682026908047, 7.9947340145877615, 7.117747306821191, 5.478316806674085, 6.455411130789029, 14.896620202847066, 4.998985439515457, 1.7641191509557872, 0.640595734963305, 0.14612098917268843, 0.02566628466433988
2.050657179487953, 5.5709259338844745, 7.7793813172428905, 8.60120334265692, 26.786598929481908, 16.94886914460148, 8.546613067262603, 8.279101375483657, 7.019690635939652, 10.331360371567513, 17.042121843674167, 5.652361138542825, 1.9319850133763758, 0.6660174460562148, 0.1439160350185873, 0.011435026405184975
1.8655725182653262, 5.0705282012110695, 7.052503700869719, 7.75113918436263, 24.206638963718017, 16.3786692524065, 8.040674176161843, 7.56964217788241, 6.159403814066314, 8.09447151924157, 15.640093368096291, 5.051475442597933, 1.653243114771792, 0.5348240392241858, 0.10684814089685847, -0.008118635188256616
1.966644549382943, 5.317287312881191, 7.313421666503512, 7.90492865809142, 23.53230217547847, 17.2840958863469, 8.133510941937336, 7.539159579096137, 6.021946346105236, 7.398716816693652, 15.591664882411257, 5.057963337508315, 1.6776506277733023, 0.5590628371581259, 0.11660019709462263, 1.5926221741245167e-05
2.2016467023835484, 5.8639393293885735, 7.837450042247487, 8.138270130125088, 21.167130549812285, 17.99953472003589, 8.223210585634545, 7.359504051984926, 5.60993499564245, 6.228459850579569, 14.864490981937156, 5.087808716091659, 1.7981176060067905, 0.6452078007280603, 0.14480037087336098, 0.0217387675932892
1.8397561775140023, 4.995261193780227, 6.9064050583033705, 7.491189097059627, 22.334956022875023, 15.144360632395124, 7.728080884883734, 7.388998369894682, 6.033705922505683, 7.658819149415141, 15.004345035251644, 4.728534179210144, 1.4948599563863674, 0.4637436877245823, 0.08883803084745986, -0.012365478698442282
1.9652786942924152, 5.286297675110686, 7.203589900918423, 7.691951499673791, 22.095891810484897, 16.56945719911844, 7.911046148452355, 7.314282041606303, 5.79078713650794, 6.9701078844179465, 14.909482886890576, 4.888986209039363, 1.6351454992065704, 0.5483091037713981, 0.11498992842297333, 0.0037687542200324363
1.3790946251142768, 3.807611521503881, 5.441124611251833, 6.190892711962469, 21.5708786836893, 12.65237340806867, 6.4408965159927485, 6.40513627200861, 5.519172672851912, 7.799262244593907, 13.697616511750327, 4.011727503158261, 1.1579244654739593, 0.3154148946130739, 0.050431358921060786, -0.02544047215113193
1.8951545507743845, 5.1411064455223014, 7.117811288114235, 7.765545379686991, 23.615088164590226, 16.80033736354155, 8.023878598756395, 7.458120211814611, 5.984809860933989, 7.57700003032776, 15.428005202092276, 4.988325423762163, 1.670250625193366, 0.5679954291053262, 0.12142926454003176, 0.007609425440138836
2.376622230532918, 6.401438880188953, 8.729978512181875, 9.281382529682872, 25.134580011304177, 20.15651409016708, 9.299841265109155, 8.390124941111733, 6.515353010859864, 7.833475894928814, 17.046051781724177, 5.8889428489770435, 2.0964651742372484, 0.7523925064916999, 0.1678788897895511, 0.02092525213197345
3.3828011731505905, 8.192483676747464, 10.07102070179927, 10.106740125194149, 26.582784822312185, 22.52607935213402, 10.309204453295958, 9.296833655425896, 7.2807855919309015, 9.269095446563941, 18.65708790221493, 6.747558487609458, 2.5616530382474845, 1.0034808211379436, 0.24469928490696688, 0.07827445864328911
1.3790946251142768, 3.807611521503881, 5.441124611251833, 6.190892711962469, 21.5708786836893, 12.65237340806867, 6.4408965159927485, 6.40513627200861, 5.519172672851912, 7.799262244593907, 13.697616511750327, 4.011727503158261, 1.1579244654739593, 0.3154148946130739, 0.050431358921060786, -0.02544047215113193
1.7508752272059973, 4.779231139815995, 6.665705326465028, 7.302489218972214, 22.206364616031273, 15.627583094050626, 7.588554072787764, 7.096304676876794, 5.691334505262884, 7.048742669974481, 14.615452080309979, 4.657553559930296, 1.5030897482697079, 0.47966503700932833, 0.09464983674827458, -0.010989367717145499
1.9006821346314948, 5.158026076408291, 7.140623087233306, 7.772341815073181, 23.28834640069554, 16.370057682865504, 8.021401497665744, 7.545334216299818, 6.090016604847466, 7.628216091887175, 15.38491803405222, 4.975319284408713, 1.6349781844557039, 0.5338947884887428, 0.10813893393124398, -0.006343670253646288
1.8013278686770144, 4.915041077828525, 6.85856316254658, 7.52694016111486, 22.749806079228605, 16.877960068968104, 7.89631335547065, 7.193262714837841, 5.614786599547998, 6.599988480548095, 14.894165745907742, 4.797374801459066, 1.5944376180019533, 0.5366829442238227, 0.11357120456816053, 0.005676719560828854
2.123787855751807, 5.718937469503087, 7.846887081266258, 8.503016164507493, 25.765747571099272, 17.267985087088192, 8.635888651971605, 8.247688401723353, 6.82675677288888, 9.296586654262487, 16.8559724261529, 5.523882957650711, 1.8472190707623108, 0.6192434355474433, 0.12956431292372983, 0.0027209422506770608
1.610118427945775, 4.421097335798607, 6.261133602009152, 7.040804961390195, 23.501637461948636, 14.46389396456096, 7.230578444460004, 7.070869807987188, 6.01178178650796, 8.483915604181933, 14.928779887581635, 4.568789461093763, 1.4275400069384225, 0.44564679117847017, 0.08714936426912742, -0.009226706530152283
2.0784388180662794, 5.5762389621840285, 7.578224218930708, 8.077060738282524, 22.89158767810149, 16.596994566925915, 8.184976650849569, 7.661536044629556, 6.164552953951581, 7.851370540743207, 15.678767451261114, 5.067667248742354, 1.6686763065777104, 0.5493622104901651, 0.11289277821433485, 0.0003055885967317306
1.9616408281825815, 5.3340084072710265, 7.463817948801261, 8.265933571173967, 25.82037284951317, 16.64988289031733, 8.301169468800099, 7.980593244169072, 6.690539761527485, 9.572838269577854, 16.40823381420575, 5.4548877182719, 1.8505000774551545, 0.6270622286075123, 0.13212253932136983, 0.004527514673442431
1.3824106063015176, 3.8239669988660263, 5.488235668379107, 6.2764526601653445, 21.750448072708828, 14.845555304716383, 6.8640303198886885, 6.291941483569205, 4.98825999874406, 6.021642189683594, 13.485567804078107, 4.141472171981497, 1.2928385472598614, 0.3989927528736462, 0.0759980938330445, -0.015338824812147675
1.582871113979579, 4.335966259206361, 6.101294269444467, 6.785422073328664, 21.735273358306323, 14.94892894151691, 7.168204471463396, 6.640656647856891, 5.32133642056759, 6.713676932901826, 14.046186117202426, 4.363502400059409, 1.3738884786638164, 0.4280006221959692, 0.08266526326880005, -0.011598708504641604
1.7097882918132759, 4.70073320320953, 6.682984469340994, 7.529509798401711, 24.67186346338383, 14.528223881492135, 7.5530301023703075, 7.511000941526006, 6.501661838299105, 9.637976747297666, 15.250484137741477, 5.051207222879111, 1.7051053110508256, 0.57352894806254, 0.11962797372579208, 0.0012155754673610758
2.0422810065654837, 5.5460276633234855, 7.675850517083768, 8.337163959489041, 24.571465908285667, 17.46468901566145, 8.483162934767783, 7.947262619637376, 6.417584321588556, 8.221776333997555, 16.304219191193035, 5.310078484290538, 1.7661000122606165, 0.5884703345274289, 0.12237604942720616, 0.00100856274547863
1.9041344738214274, 5.144196068940009, 7.041465380872353, 7.5211887595742395, 20.972343314026013, 16.397613258289567, 7.710177750601405, 7.021640230766392, 5.457718624037399, 6.289639433271707, 14.362296210958508, 4.705005003733863, 1.56978942311327, 0.5224853123569427, 0.10809558173072693, -0.0006133761732097372
1.9129008294508456, 5.228019221951384, 7.308971895191752, 8.027709551358676, 24.23244330944035, 17.591701114961104, 8.182197369946111, 7.503775563866149, 5.982243510751104, 7.705744041598974, 15.644402399551673, 5.19141796302387, 1.7824637110497856, 0.6195723760882561, 0.13448128697108686, 0.009667746623924008
1.7061697764690036, 4.657328089174982, 6.510184860639156, 7.177892897871401, 22.494981009118696, 15.975759791964931, 7.617498544164146, 7.023735225823854, 5.551599031123597, 6.67693380074985, 14.592371321188391, 4.6330203497484055, 1.4846999367853992, 0.46979524153830243, 0.09201739870392935, -0.010516590015987771
1.7027377679027413, 4.690258679830708, 6.682388234599619, 7.568944452354027, 25.6423633344882, 14.598477311063252, 7.524115472781198, 7.502095362153122, 6.5859335547915006, 10.399650303469853, 15.69298305812505, 5.115508269193495, 1.6993020521236961, 0.5651775319608605, 0.11727722656474168, 0.001198134293575188
1.9960568351574146, 5.37991932356405, 7.4152853715051, 8.08872369695256, 24.85150969334364, 15.052542186911428, 7.9724294883921125, 7.977681006635011, 6.9216256724674246, 10.232272922918728, 16.235212556079198, 5.240018233841635, 1.722925947557817, 0.5674234716127379, 0.11742897332456541, 0.0034865274372625184
2.107182920940332, 5.6344393599124185, 7.599056082631996, 8.012842620006696, 22.208687147727847, 17.964307892935206, 8.266647477511766, 7.439098848104645, 5.708597637418897, 6.4199799687439265, 15.157623109959564, 5.084703668059858, 1.7515904539673608, 0.6075270116785746, 0.13128985924534983, 0.008300401965572916
2.2803388255248547, 6.110367913911641, 8.2449159552644, 8.648469457630497, 22.869798639649023, 19.326333651048184, 8.793681176643364, 7.780919924612036, 5.878517494475232, 6.533503467443785, 15.894328437684509, 5.417012960534429, 1.8957031105753073, 0.6684876539730852, 0.1468066600767852, 0.015720733376495995
1.9259789789681607, 5.2276610061708135, 7.220255012052425, 7.808223283043635, 22.637755102485443, 17.172295880902862, 8.015653987976352, 7.29895392729321, 5.716523947621674, 6.894394224920228, 15.079526739301874, 4.9466533390619345, 1.6782352106363758, 0.5772134283314887, 0.12440517904446916, 0.007653291374099646
1.836896140230423, 4.986911228717419, 6.9188432815513625, 7.550698467380949, 22.355481498236955, 16.701846322442325, 7.823347261059158, 7.119186632634702, 5.572199296402998, 6.707392245061376, 14.80206619802946, 4.779828179584645, 1.5962163712021002, 0.5398219654730796, 0.11447512542763885, 0.005142295116537319
1.1830721365781383, 3.2776536696032688, 4.71518075346517, 5.411983000150558, 19.114600863155175, 12.706452775358098, 6.097435124721473, 5.707134275317457, 4.534286228694437, 5.083151457645956, 12.076198565596043, 3.4873424623317173, 1.0026420171750843, 0.27325536909684567, 0.04344596271239492, -0.027495551792130906
1.742715900248074, 4.737541295100719, 6.575516015010381, 7.187433211016567, 22.066948686152216, 15.365661563745974, 7.524422603564315, 7.079619180690851, 5.696810729956321, 7.019315733642121, 14.548056959324603, 4.5944469975286495, 1.4642926238512712, 0.45971916291630993, 0.08914222701920738, -0.012515786915559997
2.2158842892815906, 5.949579764142506, 8.05645207504311, 8.485342757750688, 22.629802318388236, 18.075528441678394, 8.563466585925452, 7.779944730855802, 6.0361368839582665, 7.117970312503446, 15.723897215039003, 5.2966019966856095, 1.8329635188998281, 0.6391458371480779, 0.13894806826178344, 0.01196691668008331
2.2569135589492055, 6.055214287665096, 8.19525313359336, 8.638291428367621, 23.233448571369287, 18.505742535976335, 8.636608617579052, 7.850718874308536, 6.139728441383154, 7.456013603668034, 15.971635775233455, 5.436499261400317, 1.9135371386342168, 0.6821199718049381, 0.15148599756892286, 0.018065449698471566
1.5502558538194133, 4.292322581590633, 6.1427349024099644, 6.955052089865496, 23.10995130418921, 13.862808131492082, 7.0454626479998055, 6.949013361214483, 5.9664346232909455, 8.657675702977516, 14.423080557990039, 4.600021699252685, 1.4831934194060263, 0.47289045357338544, 0.09336787551122584, -0.010113631832636534
1.9154467124737151, 5.189513822661806, 7.1796559752518325, 7.8331498175886916, 23.793975493478595, 15.953469241960438, 7.99691786874838, 7.653563068678255, 6.313918689357338, 8.376224403323421, 15.780673841990774, 4.980643698252233, 1.5956578371785246, 0.5095383632922202, 0.10182334440989714, -0.0030375405686190187
1.9715022661466466, 5.352088300828541, 7.383927775655034, 7.9531470150923, 22.242326307458278, 17.9549767669908, 8.072514900853795, 7.2061606923056205, 5.531351159419811, 6.390136185713513, 14.99892018499125, 4.963968859348881, 1.7302070343136502, 0.6199444478599468, 0.13957245976250834, 0.023133295508412224
1.8330510461595912, 5.025145746418345, 7.075247263042972, 7.8603273089918435, 24.653329154290375, 17.05040744976272, 8.206181367156345, 7.6224917116727, 6.111946218563739, 7.791214317623419, 15.84515538228932, 5.069465813427953, 1.6687800035518539, 0.5541563359075847, 0.11543215790331583, 0.0014176264070469612
2.6693643912842235, 7.031503369806449, 9.288174954986795, 9.573058229406323, 24.29839204499715, 20.467081778953073, 9.540912453583942, 8.64107167909057, 6.685438011844858, 7.798825062036603, 17.18138268846466, 6.034808826464061, 2.1766402016604767, 0.7907884640150998, 0.17800663048785095, 0.027166183225016738
2.380209382812709, 6.358016276900596, 8.52260046922477, 8.844872172811385, 22.297253792439992, 19.55240158738267, 8.809418165219997, 7.744690692906265, 5.840669930215666, 6.5495585744171505, 15.915149302946256, 5.446557060116631, 1.928251766325533, 0.6938526553851114, 0.15609222740406586, 0.025660233372391757
1.581821671898516, 4.3996929265298315, 6.349720318695658, 7.273714710791733, 25.00595194854448, 13.691206810404527, 7.353867945776987, 7.4425305688499455, 6.554969503218666, 10.024860277454549, 15.569996481192282, 4.789194832236902, 1.480479170516692, 0.44831746609732714, 0.0834586134268711, -0.01635599321898925
1.6060527481995828, 4.416385415691547, 6.267042721045631, 7.05367863770276, 23.286138943622746, 14.82706109864873, 7.320401460270539, 7.030215312321599, 5.853807815817637, 7.998137425870428, 14.794532637166348, 4.580716870271299, 1.4426985055133472, 0.45142613866578907, 0.08792900346742627, -0.010420628107750544
1.9011227748444928, 5.128767370906499, 7.0369971965850695, 7.59819148665755, 22.542744686708513, 16.382274264954695, 7.787673992691943, 7.193961400827215, 5.74704122127824, 7.313972367803713, 14.901706376639277, 4.877417745325447, 1.6425419711173415, 0.5562318538253551, 0.11742410594211286, 0.0032874183189719004
1.981434913288478, 5.340243800925535, 7.306818018378727, 7.849205655149213, 22.904171347672015, 16.565852548356325, 8.107754217075946, 7.57245080683579, 6.0500090704312175, 7.417036102840755, 15.466008826646766, 4.946020055878896, 1.6198166133258476, 0.5349647477034342, 0.11130525088381578, 0.003912633956716805
2.112485608797099, 5.69488150123068, 7.7853402166209635, 8.323488574698612, 23.343039539669633, 17.267360285168756, 8.419320866991885, 7.812326821024291, 6.22735687434278, 7.820806256362795, 15.733647808702878, 5.305097618667132, 1.818574444865759, 0.6221733363569405, 0.13209448824976822, 0.005906722549963382
2.9773993596007484, 7.714464470014896, 9.906709133107968, 9.871203079541855, 22.855751694401114, 22.142616551363034, 9.572192401391641, 8.333758597342419, 6.245769363776685, 7.021775887066754, 17.16984182585991, 6.054941450999365, 2.252123925070344, 0.8650768007187403, 0.20766581077129004, 0.06260504868419314
1.827673175736829, 5.008000685521968, 7.05281941123606, 7.845198983415929, 24.78266936002018, 16.657478140149117, 8.059017742220828, 7.550829657589668, 6.168925258913155, 8.361311406627257, 15.867785077880223, 5.094804830807371, 1.6664686624147984, 0.5443851345889102, 0.11085659552468005, -0.0036799167617429427
1.886972861689142, 5.15974564820026, 7.298585989403764, 8.189634587235174, 25.688436981780725, 16.349949538975434, 8.290050566503924, 7.9642432670603815, 6.643446298445685, 9.424667663035624, 16.14568481493078, 5.385496649462856, 1.8688553093176052, 0.6578172446548505, 0.14608122447024158, 0.020932315539548073
1.8913854100921408, 5.159502110448764, 7.193248447021098, 7.878613126792914, 23.615633415819847, 17.433885880292742, 8.137066738743613, 7.452924333565439, 5.88116983008027, 7.172669637990077, 15.517704336966293, 5.006638790948475, 1.6717687779091908, 0.566869947808367, 0.1209354681743642, 0.007248794051532396
1.8354711238290025, 5.031459571378736, 7.112836979705961, 7.960067870558377, 25.57985850220026, 15.028283906692657, 8.11367251988415, 8.07410410197724, 6.911770038608671, 9.89110254660482, 16.194745996020572, 5.239466921296108, 1.7151604167351362, 0.5567198065379734, 0.11300186656957613, -0.001923115739171502
2.010898349644777, 5.399001396422865, 7.31359642408199, 7.717716903784642, 20.921114957203518, 17.356379302335643, 7.7722609787749635, 6.898519529791489, 5.289524836949512, 6.154323252656872, 14.369244648952563, 4.856986944361673, 1.6896292878560204, 0.5927371847264432, 0.12950632558770983, 0.011576455465597437
1.3937834426730227, 3.8767853972323825, 5.616274545025309, 6.505790826024628, 23.724318651967774, 14.175238436995146, 7.018814453940201, 6.765011220016582, 5.677558974409176, 7.8445403328874725, 14.495489213300651, 4.35083781536941, 1.3104585148809822, 0.3826282100090965, 0.06767860017769005, -0.024409605004687928
1.5141435160343948, 4.172813541381296, 5.954453878874759, 6.764973137544458, 23.244617317509572, 13.879877511772872, 7.022361937605754, 6.914143707657176, 5.910038990224303, 8.363383934235506, 14.61950892282734, 4.4256122040700685, 1.3512674966883444, 0.40628173279917557, 0.07594398810353775, -0.013446872977585471
1.6759004555396664, 4.609967910903421, 6.524656657716416, 7.288132546201279, 23.037329100147524, 16.58907232523257, 7.7188969906238105, 7.031688037205164, 5.515180725343875, 6.59238313289026, 14.768984610862619, 4.679171115107678, 1.5326664605088849, 0.5087653264505723, 0.10621064233051775, 0.0011338121713396344
1.3524427037407027, 3.7106249128718543, 5.244581779843128, 5.885317148972065, 19.63775721657717, 13.815159936252673, 6.4360950443840235, 5.924604048724565, 4.6682630238591365, 5.333415203659719, 12.461901034113955, 3.8165008248555843, 1.202659497647573, 0.38000348459696054, 0.07488939699882294, -0.011257346585186904
1.8074465885701196, 4.936225043701046, 6.906212696524277, 7.614273262695259, 23.58774118243846, 17.221642429989615, 7.909931728977804, 7.211598973664952, 5.704199163355828, 7.096348746792417, 15.10586805867224, 4.9466073829031805, 1.6832773001822452, 0.5812153310417701, 0.12540693586711193, 0.0047028983006734875
1.793896737045993, 4.8263581741254455, 6.572067256621001, 7.00482546880175, 20.08155091780759, 15.037740010277407, 7.250030902715163, 6.724483984190543, 5.316178633786975, 6.2542363289365, 13.672266142222407, 4.413930911341602, 1.4492456342079347, 0.4750039121601633, 0.09708821828492097, -0.0028275555248491757
1.8985091032597157, 5.158083336507968, 7.14162743813047, 7.7577438036014, 22.852902639658055, 17.297477705105234, 8.094356606387153, 7.331449944269843, 5.684307590000721, 6.657752180682047, 15.162444667329256, 4.931008531170558, 1.639854712291603, 0.5476832512825349, 0.1143944040553225, 0.001703688670834785
1.6860075834579582, 4.609279638703245, 6.467374658622581, 7.171037189231005, 22.85603655553835, 14.827490631741894, 7.383726286331419, 7.087508319715968, 5.892982041940898, 7.964142438971183, 14.791097995444161, 4.60970596321694, 1.461260216703926, 0.4618017140862759, 0.09122244705375772, -0.007977446369856714
2.1691782440021523, 5.787037913886717, 7.811048086607684, 8.269530285307674, 22.885239357660545, 17.677953466586494, 8.333659794062267, 7.634524579006902, 6.036912574509751, 7.484250911117441, 15.573912601883762, 5.282499542193251, 1.8180922926069696, 0.6218135894001245, 0.1315264596341826, 0.004984827585557609
1.7313924068108244, 4.723027446092128, 6.617799623958065, 7.347877408287245, 23.73735950803734, 13.92348892707014, 7.304692841459339, 7.342709031918411, 6.410109297474486, 9.585664966033875, 15.025494397715367, 4.861235966034854, 1.5924662710969169, 0.5197770227691328, 0.10588283955010248, -0.0006891444807067192
1.7600021254340936, 4.900358638461416, 7.079171858956131, 8.099340294271457, 27.26870845329208, 17.14328607962587, 8.282415480597653, 7.881698612773759, 6.5958810037083575, 9.56645490334906, 16.248391894120964, 5.5768425118712255, 1.9552186869637243, 0.6866555942439585, 0.14942427545736192, 0.009719099999364315
1.7284012364624295, 4.68565298606157, 6.471024867605289, 7.022736898276634, 21.089034578499767, 13.68851325897504, 7.032515773172402, 6.895318440618934, 5.824670336111584, 7.9519790313326295, 14.127726197405178, 4.423091846440813, 1.4057166093757445, 0.4458858571251005, 0.08864306089900942, -0.004856020170582825
1.8659437403157773, 5.126671253452233, 7.256404142270875, 8.120663126681627, 25.98301099044034, 16.63975817891313, 8.195121659728548, 7.8686660613640464, 6.608736317520768, 9.429946474179957, 16.418629603543202, 5.3209424686540325, 1.7717033589955926, 0.5934601865394159, 0.12417713810061666, 0.0013783681507824304
1.6793235604520504, 4.574432204083227, 6.502178822648789, 7.425762674035631, 24.832899675105683, 14.249027004890388, 7.343166599726521, 7.31108119062239, 6.423565831487731, 10.135140750779588, 15.321122310406036, 4.950103635927605, 1.6664538789263035, 0.5657691946982256, 0.12093952971391299, 0.007397104182324718
2.2804457333507946, 6.103460131373533, 8.233000919021524, 8.652180642839987, 23.060686363787024, 19.190197060720006, 8.694957979324164, 7.772779833719402, 5.975202181722484, 6.897210412447738, 15.95717842983505, 5.411310321649656, 1.912037392285007, 0.6902444590920774, 0.15617759778532816, 0.027182864296334954
1.4249524486293559, 4.200662201574436, 6.346608157900147, 7.117466878782687, 26.4040018552999, 10.229062417002874, 7.3840264602454555, 8.023382510303335, 7.360409090410867, 12.185502509948103, 15.328312298715645, 5.1617545379245575, 1.646750845146842, 0.5476582361974733, 0.09553269509795705, -0.07935204442574778
1.9940676282533303, 5.40122641950638, 7.440129093541118, 8.030316491108906, 23.119547134821943, 17.90887259036961, 8.247609193165184, 7.465446119551197, 5.805727728592888, 6.850873272135074, 15.501690760409415, 5.049024205653664, 1.7139792967761776, 0.595651204847772, 0.13061784619116873, 0.015372153304041274
2.4519014671768242, 6.482643997252264, 8.567237563815127, 8.788880829264905, 22.20062873490945, 19.32405786908855, 8.802845704198692, 7.8616000610040535, 5.990112855373338, 6.695968315422998, 15.90198494957736, 5.470578466403355, 1.9387763165261458, 0.6953578663649745, 0.1555395143280534, 0.022363045043087847
2.1922153627816297, 5.812494958467152, 7.708645079085146, 7.932492127157538, 20.28613155047498, 17.083940280978297, 8.06851553904357, 7.2978510927707925, 5.595629089327053, 6.109124747369655, 14.609358232815255, 4.89801462642872, 1.6780340679751662, 0.5773189756575843, 0.12384827489745812, 0.007209179848198721
1.7187322713896704, 4.7024886605042795, 6.6100545723034925, 7.351031634412604, 23.514871986851524, 15.94732919839847, 7.616125968692319, 7.115424909761823, 5.791961397608977, 7.698834846441516, 15.08605330655217, 4.7552610554658274, 1.5362893558964807, 0.4968710177384089, 0.10023701218941258, -0.006063620857362128
1.9725846311204578, 5.314145953018655, 7.256699004640003, 7.7646373258892325, 22.378275732554044, 17.168275847248914, 8.07118439654869, 7.350641824472231, 5.720707163629392, 6.656150347360816, 14.989140028297683, 4.951676977799498, 1.6791541622898634, 0.5733886933862161, 0.12229342645225161, 0.004655529301881835
1.4500648359661712, 3.9762307522665563, 5.630395085316665, 6.324615127152881, 20.51164946099039, 12.907231030134247, 6.334821826456064, 6.132902602760661, 5.2068376809807715, 7.657293224069046, 13.035986557641786, 4.073115460081144, 1.3395582519055496, 0.45354137805939987, 0.09737664398754024, 0.00534322042095884
1.7591770582616864, 4.856926559063443, 6.922998799709548, 7.798003442009321, 25.0655791890489, 16.996897401738906, 8.028542061586009, 7.487723530545793, 6.089389913302171, 8.172480115927383, 15.796150383430128, 5.100012196505016, 1.6864413394877478, 0.5584770492160877, 0.11526901001580461, -0.0013981232634208223
1.827086113426287, 4.92844593706929, 6.744492769310714, 7.2329594453227415, 20.817333991270957, 15.78881719298137, 7.508762203273094, 6.882871841549905, 5.388072356530718, 6.258366423073255, 14.124574560348885, 4.548647836577729, 1.4932669912950958, 0.4895964816284474, 0.10010582521586174, -0.001987473657868435
2.1778494874747163, 5.837232562434505, 7.888831227986687, 8.306923932607274, 22.355511158306314, 18.255695401884946, 8.610617478237724, 7.722221048714931, 5.858900399788263, 6.360629870663026, 15.630986918684576, 5.1623989905312735, 1.7390016641175254, 0.5847516875064114, 0.12214194904438921, 0.0015706160082444977
2.1555318529645753, 5.7614286822384235, 7.749661379094311, 8.112934180730829, 21.681168824061793, 17.178359696744124, 8.238295356996847, 7.515294657056952, 5.84960275256355, 6.891719841905796, 15.141111374802984, 5.075201899337584, 1.7378277026283708, 0.5975259541592587, 0.12819498379967448, 0.008449800920900615
2.0235068471240294, 5.48036643746688, 7.535013215919672, 8.092535039445975, 22.871492700891746, 17.08044759520075, 8.263456551446751, 7.6201899397763135, 6.021811664345012, 7.323225154351918, 15.495131769636151, 5.091230318080961, 1.7083265413152886, 0.5731545521137483, 0.11960787982103523, 0.001137947230246919
2.5894916929076666, 6.813444285030453, 8.891756523623807, 8.918678866020384, 20.479244976239684, 19.29437216591374, 8.897608892690206, 7.796703962163556, 5.754405365029359, 5.99797314247773, 15.543738437806462, 5.400522521009869, 1.9319671332995394, 0.6986037232378485, 0.15721184068428737, 0.02447658137615069
1.9819948976348958, 5.39696135769743, 7.515947837907477, 8.239674627879333, 24.894322642991845, 16.966989593138486, 8.267307207803771, 7.836043499813887, 6.4597842274662, 8.839463114382706, 16.213461292283906, 5.297610145985295, 1.7857109146050294, 0.6085964185417231, 0.12993184938714916, 0.00694563005600619
1.5803461699066412, 4.361572081757735, 6.222184510223841, 7.044294881925987, 23.878838012349135, 13.882159159953817, 7.164003158681806, 7.1279080272913555, 6.183411066084637, 9.154624822133261, 14.917354912042482, 4.658097846776396, 1.4689408061242775, 0.4560848402674605, 0.08736915411877802, -0.015375741680395356
1.9450792509117572, 5.231290630502813, 7.119606404539928, 7.5755601437054, 21.35489580324753, 15.902458744256256, 7.709107584722682, 7.204447836794437, 5.752122559666039, 7.001199756073694, 14.535917646111578, 4.784499214189258, 1.6069350846553128, 0.5418826383824248, 0.11432250792965618, 0.004411856543959842
2.2499312248054886, 6.007706407426138, 8.090202371587214, 8.513999643134541, 23.28240906654284, 17.409259465276357, 8.703926299908527, 8.12937245416366, 6.459439907408204, 7.783882104376321, 16.13919502103457, 5.368372111012969, 1.799522558641427, 0.5968140106649029, 0.12263003444300376, -7.194004556854222e-05
2.148293304484312, 5.780133334913257, 7.872721491507702, 8.39018225687531, 23.738828868457603, 18.677090488564943, 8.70984636320596, 7.855044833217124, 6.043264480794013, 6.891718006661486, 15.950378238468142, 5.376001601220043, 1.8415034591057096, 0.6269850735726448, 0.13185000377572062, -0.00024123352486891294
1.3271011583918142, 3.6225368125966892, 5.157837064286642, 5.920358164620933, 21.142024312112692, 10.206000687232976, 5.397224388523141, 5.810241350463125, 5.608424143887709, 10.46177639185503, 12.90992234388947, 3.9869878807446084, 1.2710111214117434, 0.4097046538735847, 0.08410663627610764, 0.0034343381288721338
2.110796478314787, 5.665279164239492, 7.663305620723379, 8.057701164018402, 21.46922654058562, 17.583477745296687, 8.190265236137543, 7.376381394035157, 5.651567204802177, 6.414004257395798, 14.978851605743868, 5.0193176798542, 1.7218878747824369, 0.5943062586043777, 0.12804386048473582, 0.008795550910011687
1.4495838175886238, 4.014053769701179, 5.766354855983616, 6.600302735295262, 23.00699643082696, 14.640600583147783, 7.061638747550077, 6.709446247817014, 5.521753921859378, 7.277341836412997, 14.277911353029834, 4.355853943563904, 1.345525065513848, 0.4088970433785375, 0.07654060749888274, -0.016544359976982777
2.5311075761361925, 6.675928759256469, 8.763509351553557, 8.879211670487521, 21.252222411537417, 19.791131038288636, 8.82482347051954, 7.735575497752122, 5.7574056995346155, 6.118328790997055, 15.559519424165536, 5.48700803044725, 1.9964489623266712, 0.7351233190060437, 0.16803827913639258, 0.029192524701472777
1.5640222972078204, 4.286719089396457, 6.125870794129242, 7.013984442619583, 24.099377545661714, 12.646110178048897, 6.91385927839793, 7.0907340030729475, 6.385072357135066, 10.447003131701818, 14.731382381513411, 4.731160777713827, 1.55685770655236, 0.511474568464402, 0.10463259172577354, -0.0011533696073781228
1.6973016461698494, 4.5055730052241, 6.018087088468742, 6.303154790884619, 17.593083992283187, 14.839134957852858, 6.776076249978687, 6.023804769030725, 4.48060024190281, 4.271058483836834, 12.180268937773912, 3.9643878035487097, 1.3211685567544478, 0.4426657745669714, 0.0926203266058386, -0.0010873148217070278
2.065252680978435, 5.609444670349086, 7.754280502995431, 8.379300872403473, 23.676136478831207, 18.59694065174694, 8.468190584404924, 7.621437061002005, 5.922887312370714, 7.16079711852748, 15.900518537079662, 5.260732083942685, 1.8103908033186449, 0.6354234499520492, 0.14001780843501152, 0.016741602278854604
2.0030388543984348, 5.440312067850275, 7.526427371334092, 8.163976465515654, 23.950651566032338, 17.41231202456375, 8.330828472948635, 7.753126537017033, 6.205175369228541, 7.755030325103976, 15.803620504421596, 5.221676102925076, 1.7770731087940548, 0.6108603903261577, 0.1313538370545954, 0.009182761222810237
2.892858300437466, 7.571098150715859, 9.779249157366042, 9.658157848049507, 20.732364241692412, 21.195149032055916, 9.389684101118158, 8.088016144171153, 5.89988092906782, 6.041856998148174, 16.18964337588149, 5.807274984603968, 2.161656115072732, 0.8192365913211457, 0.19271631310854312, 0.046042532019452465
2.314976229227946, 6.17352515316185, 8.259238671609088, 8.566592729168788, 21.85823490820846, 19.196004366790735, 8.654275321427555, 7.607321756674581, 5.6995922160742545, 6.159165819002445, 15.556444315786472, 5.2856465634871315, 1.8644012084871044, 0.6696449677707089, 0.1504393110241429, 0.023099440743184898
2.4604912832672987, 6.529268529900443, 8.674487043423246, 8.934556548204142, 22.499615825147664, 18.9625106585904, 9.008929691783882, 8.124789917562289, 6.222007099518822, 6.991659413548924, 16.225592639786164, 5.526763917779706, 1.9154025418225766, 0.6644826863317805, 0.14347996191367748, 0.012662294339938747
2.5616683902614694, 6.705328608459782, 8.778704615587275, 8.985068753146049, 23.047896157371973, 18.8681803872269, 8.967667768543803, 8.216035906339501, 6.439393700222605, 7.781469986337566, 16.411942806912002, 5.659205843202676, 2.007945874781711, 0.721105950059078, 0.16156158500609671, 0.024701998299723707
1.3472987451638418, 3.703758534949253, 5.264440934726234, 5.966098948439143, 20.72142025140606, 12.118964015563884, 6.199384914341402, 6.16868789867194, 5.330460902702919, 7.5861405744399475, 13.216979330325865, 3.8257060521417183, 1.1219138601802199, 0.3244794519303115, 0.05821245393429454, -0.01517082872122857
2.010898349644777, 5.399001396422865, 7.31359642408199, 7.717716903784642, 20.921114957203518, 17.356379302335643, 7.7722609787749635, 6.898519529791489, 5.289524836949512, 6.154323252656872, 14.369244648952563, 4.856986944361673, 1.6896292878560204, 0.5927371847264432, 0.12950632558770983, 0.011576455465597437
1.9608769382515998, 5.288347763477662, 7.2295814742728925, 7.736612226034326, 22.181156328117886, 16.556658304713256, 8.02022587571121, 7.43422393988093, 5.866244308897778, 6.8764174753637475, 15.085217980910315, 4.867069367237912, 1.5963903583695005, 0.521650944725451, 0.10616042170273896, -0.004194724595624367
1.6947052956301, 4.61390800936895, 6.420946494040977, 7.042890510102884, 21.786162346970887, 15.825426643201386, 7.521197989692541, 6.921293213576413, 5.425876252887423, 6.220950649146596, 14.27469992428182, 4.5220454348083585, 1.444024970431446, 0.45141652697425405, 0.08634655704361208, -0.01702091279067947
1.8446826144303619, 5.04737856748202, 7.096332304692636, 7.869337920809345, 24.562217661271482, 15.073788122345963, 7.947235419974805, 7.857281485063207, 6.679107734482148, 9.374400811140898, 15.796630522535533, 5.102880518858806, 1.6821844583011103, 0.5570134646520883, 0.11592916146780478, 0.002715402531978545
1.847522674542466, 4.991726195794671, 6.837937722341539, 7.322824003384793, 20.94168602903976, 15.843913428371204, 7.653559146644304, 7.022659324186358, 5.471594190089059, 6.252388410574226, 14.310602016767024, 4.577608481859871, 1.4840254355022333, 0.47873784754776005, 0.09629549858609003, -0.005176830543839521
1.5631816744272378, 4.326955178047477, 6.2063593104600585, 7.077975674916208, 24.45789380360382, 12.729835977718311, 7.08399513246006, 7.384324537448175, 6.648235504105572, 10.317594725152517, 15.374810152587953, 4.638795110442749, 1.3862386283634553, 0.39859142722274293, 0.06956068392594413, -0.0210479984711758
2.0552424763766477, 5.532485831607418, 7.563197445977133, 8.108967922207535, 23.11001176640948, 16.01208671525911, 8.050643721003484, 7.723963218169712, 6.3929990652214865, 8.570782916433474, 15.606718798097715, 5.136457357861406, 1.7353521985156763, 0.5905166050168932, 0.12587399961150753, 0.007505383456004836
2.7285258434496096, 7.203556145327559, 9.567835837005468, 9.95503474483237, 26.384120554450963, 21.94124630325076, 9.851953933846005, 8.8216927230775, 6.868511499269071, 8.484923535717904, 18.182215630512115, 6.332647955951665, 2.3029085621329917, 0.8559880818300093, 0.19824540129745113, 0.039389544707441
1.5152258059870507, 4.256972073617502, 6.246297903717582, 7.263109398459188, 26.49628541009252, 12.585027747368065, 7.261511415768954, 7.660746653442346, 7.034532672982295, 11.617593077502123, 15.495314588494722, 5.094495091828626, 1.6764692176944618, 0.5486261254814334, 0.10949173802751136, -0.014976135101325852
1.8540074104846676, 5.04556565933184, 7.007334867646403, 7.6449645144334255, 22.94422538628494, 16.402103984852506, 7.872344326079157, 7.319176173797809, 5.861491473263116, 7.363946175232964, 15.126933523357414, 4.878469193683839, 1.6084905890318844, 0.5309665765441898, 0.10935187384476294, -0.0014858180675949198
1.4760431711429027, 4.07798557353107, 5.9215923622542785, 6.913681983207231, 24.76864191803685, 13.472294318950238, 6.910502441690321, 6.97476761039, 6.223750279911924, 10.038500749536219, 14.743448786859851, 4.760730709379624, 1.5651620012876037, 0.5087568627471559, 0.10259543697003846, -0.0052376698147329126
1.5802846996619422, 4.440532675255832, 6.526996239765261, 7.646424744556503, 27.519077988088405, 15.591482850649996, 7.79930721599076, 7.6224597572207795, 6.6099008630785665, 10.417464941159173, 15.996404128360277, 5.373645350546199, 1.8212826797494528, 0.6116799107791777, 0.1270250110026628, 0.00017685410551638567
1.3271011583918142, 3.6225368125966892, 5.157837064286642, 5.920358164620933, 21.142024312112692, 10.206000687232976, 5.397224388523141, 5.810241350463125, 5.608424143887709, 10.46177639185503, 12.90992234388947, 3.9869878807446084, 1.2710111214117434, 0.4097046538735847, 0.08410663627610764, 0.0034343381288721338
2.6099777301938314, 6.865142585934945, 9.005940587430452, 9.168731359138185, 22.644961019992405, 20.2385648780331, 9.139815379102922, 8.100101984830047, 6.129630281216928, 6.814807952001199, 16.414138219239923, 5.685590480527462, 2.0402537976462156, 0.7448831425988316, 0.1698442745384878, 0.03164489369572113
1.7184513173020686, 4.742341440475839, 6.756886105282883, 7.628137297948325, 25.273702936175326, 17.437465123223024, 8.146773578515049, 7.470702881028995, 5.939631766616497, 7.4363433020141505, 15.775676417130677, 5.026265310918344, 1.6471083279664147, 0.5408833763922917, 0.11043889149643184, -0.007398736167865654
1.8622092578928864, 4.966785433398349, 6.67093435549139, 7.001316153109314, 19.236823426007227, 15.368910798553475, 7.285066074928476, 6.652972229377239, 5.138336760388671, 5.592179077808194, 13.428305667960439, 4.371359775827158, 1.4442441932197079, 0.47483468868890544, 0.09690553145767092, -0.0046996461618523415
1.8174421687840832, 4.877678149887555, 6.627407068873565, 7.059905006592537, 20.3175431687178, 15.261799661676699, 7.157216148037407, 6.660023746475338, 5.338416467143753, 6.592793627444843, 13.808385988169944, 4.436938261519664, 1.4818883498938973, 0.5040763314133649, 0.10798779057615027, 0.0060049044131808066
2.75146111088193, 7.177522228924503, 9.37412585158665, 9.602358565434976, 24.890278759012478, 20.652973668629443, 9.612718968174514, 8.729321355092926, 6.810561557017244, 8.18125297839761, 17.519818375163762, 6.118790400839083, 2.1998247902398838, 0.7992488449530255, 0.1803845126759095, 0.027558402900384003
1.595228390435362, 4.385299752062654, 6.205377820386518, 6.942105987562216, 22.457696383559135, 14.656440824271002, 7.3522871821422076, 7.016504832789928, 5.734312385929192, 7.27335615077352, 14.539370964770722, 4.432885995066893, 1.3603999245651281, 0.40952279725105567, 0.07600594850795074, -0.015586672235634454
1.3524427037407027, 3.7106249128718543, 5.244581779843128, 5.885317148972065, 19.63775721657717, 13.815159936252673, 6.4360950443840235, 5.924604048724565, 4.6682630238591365, 5.333415203659719, 12.461901034113955, 3.8165008248555843, 1.202659497647573, 0.38000348459696054, 0.07488939699882294, -0.011257346585186904
1.7027377679027413, 4.690258679830708, 6.682388234599619, 7.568944452354027, 25.6423633344882, 14.598477311063252, 7.524115472781198, 7.502095362153122, 6.5859335547915006, 10.399650303469853, 15.69298305812505, 5.115508269193495, 1.6993020521236961, 0.5651775319608605, 0.11727722656474168, 0.001198134293575188
2.8590863264869033, 7.488327884569644, 9.755727797662901, 9.849813692541247, 23.58814584058832, 22.17785695444438, 9.679463491020869, 8.428926915031928, 6.2910061058755655, 6.998886754339252, 17.217092688389947, 6.124823772898577, 2.265660178722965, 0.8548057029981374, 0.20053055872422718, 0.04645816762460677
1.31150228738066, 3.654966062890934, 5.301273063494779, 6.127130667911716, 21.81996376068348, 13.799179839605443, 6.652225439442996, 6.266048735798456, 5.1255192885097935, 6.695491597985869, 13.371600886173045, 4.064934093270347, 1.256202756396475, 0.3832066303392052, 0.07202923830311644, -0.017450095939855834
1.980785256951072, 5.40850315586425, 7.556147164161562, 8.305306837988052, 25.252932566182643, 18.410812212703032, 8.655152471209323, 7.903952412322057, 6.220122458644571, 7.606841093999001, 16.379189140068753, 5.344672882122733, 1.797295810680788, 0.6114324473815652, 0.1304053657828474, 0.0062891731129436365
2.167917934121782, 5.810219517828017, 7.857252762052461, 8.28922546879039, 22.686974630774227, 17.886099173402176, 8.408965978792294, 7.6862110212841985, 6.0157044859208275, 7.098268832181396, 15.58647862617037, 5.215593932677497, 1.7995551035908364, 0.6283082844703098, 0.13719329400839092, 0.011936765877836897
1.6792991320801092, 4.641429595797694, 6.619512145709968, 7.461131966291068, 24.512889745650508, 15.351346250615737, 7.704070715555328, 7.427030385210765, 6.21358136160744, 8.608605781831296, 15.358148558448347, 4.931848328427722, 1.5993255068986507, 0.5102275200459812, 0.1000955730277002, -0.013026302076707323
1.3937834426730227, 3.8767853972323825, 5.616274545025309, 6.505790826024628, 23.724318651967774, 14.175238436995146, 7.018814453940201, 6.765011220016582, 5.677558974409176, 7.8445403328874725, 14.495489213300651, 4.35083781536941, 1.3104585148809822, 0.3826282100090965, 0.06767860017769005, -0.024409605004687928
1.8714427547692516, 4.947163862114247, 6.565707232013171, 6.825959428841928, 18.581152950938062, 14.882424254754115, 7.298648209528371, 6.668166714734672, 5.075384279462716, 5.181779136950236, 13.272694385147311, 4.2033501157890605, 1.3457085376819726, 0.42750172560266547, 0.08454417931141106, -0.007352082547864931
1.7907158416172875, 4.900884511674253, 6.875297943127782, 7.596209569910219, 23.578951567989186, 16.3169902915232, 7.84675836259102, 7.337877946305767, 5.933482442366736, 7.650825249743192, 15.270510787546835, 4.894056430118309, 1.6005939910255607, 0.5215686678465958, 0.10554145029522527, -0.006951306750627348
2.019822117081453, 5.470716577630424, 7.561387947637139, 8.235969412990743, 24.827888394131957, 17.061468188360607, 8.324930350821464, 7.881219003908636, 6.473291584363643, 8.710574990364348, 16.2705178646197, 5.297511451069623, 1.7714931812566213, 0.5970550391623917, 0.12601597105449955, 0.0046939923861374425
2.367619415248424, 6.190500408519491, 8.022327053207844, 8.031165009989445, 19.19490779602756, 18.422913304304267, 8.080990998793299, 7.043908773631121, 5.190069038458944, 5.199277804631048, 14.213127322081906, 4.9710660969644715, 1.799336942558336, 0.6619625086692486, 0.15188480669184537, 0.028214288031394058
1.8013318458626288, 4.89264092566985, 6.770068881644705, 7.348088688145621, 21.549395525236175, 16.932047838262086, 7.509863555739525, 6.747825381836958, 5.241889558559536, 6.19176006554274, 14.121778593363805, 4.711632936273608, 1.63619687439437, 0.5791473146235091, 0.1283467792909434, 0.01413796917136615
1.688086509735072, 4.59293366802349, 6.391359593845771, 7.021027385358932, 22.042737387189415, 14.748414006107678, 7.33974468730455, 7.001292079447849, 5.732466152010028, 7.301551565898223, 14.487864388892888, 4.471138007666822, 1.3975757661716668, 0.4339006675902021, 0.08408866653560158, -0.010749119479187743
2.132816136303357, 5.717160494526501, 7.7192113994260225, 8.10260351710014, 21.42912991718761, 17.798594237752713, 8.276588020847399, 7.42377236048334, 5.657106215159201, 6.193675040121302, 15.062086451699658, 5.01216298182583, 1.7150814639891556, 0.5913606434005826, 0.12723378579386244, 0.008486717193026343
1.6716568537701342, 4.576956336174103, 6.427839933325968, 7.118004936118201, 22.22138082322659, 16.55444810885005, 7.435236270883566, 6.714482654068213, 5.256287582977268, 6.328384110519515, 14.256322505775872, 4.595303258694623, 1.5384312790440478, 0.5226861013941682, 0.111252360000934, 0.0032316092977706444
1.4637691783218774, 4.036163823451685, 5.737766737158678, 6.453312666274709, 21.29811537535386, 13.574150406234699, 6.78078758737686, 6.512065078917604, 5.389509079622231, 7.111612603874578, 13.674297693577218, 4.144334539562976, 1.2662442958416378, 0.3794226818268321, 0.07006442639888923, -0.01404205930932275
2.3208766036093977, 6.1798481911590075, 8.236645795291018, 8.48805619180309, 21.2408540324661, 17.967180759092603, 8.57969871015246, 7.672194294438587, 5.8207575778276945, 6.5317069619868855, 15.45941282300419, 5.1922609863827445, 1.7757356870834027, 0.6079366212223302, 0.1297200577307204, 0.008989897922746373
2.0014270250687236, 5.368818616784457, 7.272485642213171, 7.696386414909944, 21.480349483727018, 16.749630528982763, 7.954510877942381, 7.25019555148648, 5.6275143922643975, 6.490602301125028, 14.613451360279315, 4.893302814617055, 1.6698385057571632, 0.5692719483972352, 0.12047242886109759, 0.0023906310033739225
1.9651867916698722, 5.2767993499007, 7.142809623216053, 7.520973654251044, 20.33166104781609, 16.30052007801409, 7.758438605336128, 7.044614996926057, 5.404638033705735, 6.014478669836813, 14.18548700163431, 4.67558604735761, 1.5731895164665533, 0.5308937399729963, 0.11183734263879855, 0.0026140483312672076
2.1549329755617808, 5.7880405905533605, 7.854385944546691, 8.321104017450807, 23.024996656851545, 18.295754228989882, 8.542212603524524, 7.742425799184116, 5.988460369266953, 6.863472269661193, 15.670528617141358, 5.27939199754394, 1.8205346219725966, 0.6284715004378945, 0.13457809535076617, 0.005738848507512691
1.7578983737750176, 4.847444648683942, 6.878725926462487, 7.688948972302215, 24.434008847235653, 15.5154415448038, 7.9612478747169435, 7.674907745906494, 6.363027492451744, 8.545485020262426, 15.317470143985453, 5.11925348254539, 1.7199448166628486, 0.5676388708980892, 0.1149306434231854, -0.007353767337388001
1.8752096802322806, 5.084698046288259, 7.023086919662556, 7.619313691047696, 22.467702850084198, 17.120213083760163, 7.8375960195907926, 7.108191857036113, 5.563670723250567, 6.695735974296943, 14.849842482431217, 4.8482585315790825, 1.6444773665440744, 0.5688627107980178, 0.12390773297894096, 0.012409064049341365
2.063649256396006, 5.5618713384285465, 7.591173327257533, 8.088486015159415, 22.546824200547146, 16.41173954239832, 8.155949543057172, 7.676062401074895, 6.180766233086602, 7.791102417027207, 15.363974679163016, 5.097594199080601, 1.7290690660989838, 0.5888808713739613, 0.12522734385770054, 0.0062522431822978905
1.8913854100921408, 5.159502110448764, 7.193248447021098, 7.878613126792914, 23.615633415819847, 17.433885880292742, 8.137066738743613, 7.452924333565439, 5.88116983008027, 7.172669637990077, 15.517704336966293, 5.006638790948475, 1.6717687779091908, 0.566869947808367, 0.1209354681743642, 0.007248794051532396
2.6005279822844862, 6.876151195287015, 9.07272494246422, 9.262540184463852, 22.727691335228233, 20.567183363837856, 9.226562751420907, 8.079557517835315, 6.047545790107654, 6.6609585216889045, 16.442229887506212, 5.7420443271713015, 2.0651200522510016, 0.7523976367020961, 0.17085849223958494, 0.030554891725587358
1.7746678705399457, 4.860429005135528, 6.821954966002902, 7.53361669813985, 23.06151446338697, 17.371874064795243, 7.905069671157467, 7.079098674490232, 5.4627316021654115, 6.463533652488394, 14.884689048558574, 4.8649998865348865, 1.6275291263845415, 0.5457334885916963, 0.1140285692182826, 0.0009612194547476919
2.322930292671443, 6.183337857638313, 8.247765424295014, 8.52979590027264, 21.74629421016454, 18.876844774440055, 8.623896864029467, 7.664377769436423, 5.785852006218124, 6.267733068423541, 15.475834715694717, 5.293445629767459, 1.8635597100206913, 0.6629221189087777, 0.14697398295044842, 0.017299858848587212
1.8354711238290025, 5.031459571378736, 7.112836979705961, 7.960067870558377, 25.57985850220026, 15.028283906692657, 8.11367251988415, 8.07410410197724, 6.911770038608671, 9.89110254660482, 16.194745996020572, 5.239466921296108, 1.7151604167351362, 0.5567198065379734, 0.11300186656957613, -0.001923115739171502
2.474972396301661, 6.564780699776856, 8.709049126172065, 8.954691409150051, 22.53187647803864, 19.827117932222553, 9.052644186612943, 8.014498914911965, 6.014494683072115, 6.490294544168847, 16.101345612466062, 5.583095312079858, 1.9830929953201253, 0.7077325190405218, 0.1566639163709984, 0.01733322218094894
1.982242254392059, 5.405564311749474, 7.525004192890709, 8.212621348431817, 24.16161820634141, 18.294044721279096, 8.512414920594779, 7.69073690657395, 5.977064763909301, 7.095405306055938, 15.980421975438784, 5.213435862242034, 1.7448113243939973, 0.5866355138366468, 0.1230852513263154, 0.0025728508856572505
1.9404224720327636, 5.258523667627512, 7.244473559024652, 7.814676555589174, 22.4936029277551, 17.413268651899166, 8.039698006565356, 7.237803495351761, 5.614471611137183, 6.645187781164316, 15.09467405416018, 4.927354657424254, 1.6594628168125836, 0.565449441414091, 0.12079527240654064, 0.007693495700781741
1.8951545507743845, 5.1411064455223014, 7.117811288114235, 7.765545379686991, 23.615088164590226, 16.80033736354155, 8.023878598756395, 7.458120211814611, 5.984809860933989, 7.57700003032776, 15.428005202092276, 4.988325423762163, 1.670250625193366, 0.5679954291053262, 0.12142926454003176, 0.007609425440138836
2.5311075761361925, 6.675928759256469, 8.763509351553557, 8.879211670487521, 21.252222411537417, 19.791131038288636, 8.82482347051954, 7.735575497752122, 5.7574056995346155, 6.118328790997055, 15.559519424165536, 5.48700803044725, 1.9964489623266712, 0.7351233190060437, 0.16803827913639258, 0.029192524701472777
1.7723190107352522, 4.7915129895951445, 6.603117956124912, 7.180027231270464, 21.95380627587254, 15.271545425003096, 7.472406078661732, 6.998630884752555, 5.642451966020138, 7.168747375217498, 14.499731911078342, 4.5854911446621625, 1.4834587556774252, 0.4811264099912039, 0.09769085647483894, -0.0023985587671273524
1.9149046074863616, 5.160300698330237, 7.037235612658396, 7.483766058864881, 20.453810816636803, 16.605513537477453, 7.599387174413867, 6.86303254667841, 5.290696944134457, 6.012858578152079, 14.01809376687345, 4.6530795153169935, 1.6235465305800167, 0.5840391436095046, 0.13249847162052178, 0.024082270161590313
1.3790946251142768, 3.807611521503881, 5.441124611251833, 6.190892711962469, 21.5708786836893, 12.65237340806867, 6.4408965159927485, 6.40513627200861, 5.519172672851912, 7.799262244593907, 13.697616511750327, 4.011727503158261, 1.1579244654739593, 0.3154148946130739, 0.050431358921060786, -0.02544047215113193
1.6085476629893187, 4.396919148833224, 6.169773173102373, 6.846319217316455, 21.907682290310404, 14.42745715983459, 7.186378284471477, 6.857015994284665, 5.617406520875187, 7.2192382433282365, 14.28058090562894, 4.374819339725154, 1.345880637910595, 0.40468881955454444, 0.0747269368153969, -0.016023927697834162
2.491010966018377, 6.563681143645371, 8.58716601757486, 8.63537077700875, 19.794234170189565, 19.353290004168393, 8.43417309465359, 7.310275828756939, 5.3979279950648635, 5.650557517092314, 14.86730168602103, 5.229876121935019, 1.931495783142862, 0.7333925627177909, 0.17392455088241263, 0.04517313916081568
1.5672933715072241, 4.295156864296012, 6.081108599604568, 6.873426050192589, 23.80978514505716, 13.774450292079628, 7.164492229591085, 7.057670896621787, 6.055060627174371, 8.887083424719094, 14.93535236022745, 4.532615102799265, 1.3858157696177067, 0.4167379802604821, 0.07766045313378037, -0.014211051199403904
1.918072783757361, 5.118224468511502, 6.901215846707217, 7.303840318938217, 20.77001401032407, 14.749670742731107, 7.3516960913892415, 7.023595226582036, 5.7593067857071905, 7.454334468447441, 14.342933718210293, 4.558323328848823, 1.4879555231836945, 0.4921241036940765, 0.1030444962002727, 0.006385041251197253
2.320652644318462, 6.178782232465073, 8.247520913276999, 8.541547385776203, 22.06486561482982, 18.803078229838306, 8.685169676540397, 7.758872609524551, 5.884764590790888, 6.430299597750081, 15.603784050674788, 5.326532533361455, 1.8649750717730174, 0.6592465314944675, 0.14539509303779552, 0.015367942158200308
1.9594514377252275, 5.286075538295584, 7.229470761117427, 7.734048671415902, 21.82362792360717, 16.676008727618495, 7.912374740214284, 7.25301656164125, 5.692386120303323, 6.781629836696179, 14.853583728626184, 4.83556446329516, 1.6343207457640994, 0.5634372320288636, 0.12263680499048536, 0.016202612215106046
2.82441886522274, 7.487936558990913, 9.888189476365087, 10.028083594475856, 22.92920944107403, 21.67180372223, 9.812452804824028, 8.594284710614962, 6.38842932738833, 6.820787931995857, 17.252913105088002, 6.041792659442743, 2.1949569835967573, 0.8116321164490944, 0.18695797160134298, 0.03855435033479141
1.7681630632089214, 4.777877335732854, 6.563827220070436, 7.080108961019732, 20.776738412617316, 15.185916736947958, 7.293665433209511, 6.788813160737587, 5.418625087782946, 6.6172234935636585, 13.971682450073637, 4.451741400005307, 1.4661079057518784, 0.48963264507528875, 0.10304357594371659, 0.004407055409243304
1.9243494401558223, 5.2126875102739065, 7.183863418860353, 7.759342088916264, 22.387994990849933, 17.114421886925765, 7.973877981962857, 7.242485484600439, 5.64541786007454, 6.764699055161614, 14.94214410533357, 4.911085576173664, 1.6717601799481683, 0.5790726705686369, 0.12613518444530375, 0.013532002609244134
2.243424361259856, 6.020550717426435, 8.14967034226771, 8.590838889441294, 23.167752906754146, 18.67255625615645, 8.808564721022211, 7.915360121119267, 6.065986601022692, 6.902243421529606, 16.138832333804885, 5.357202536424989, 1.8098556087185307, 0.6101769184268659, 0.12788228644180927, 0.0031002267125382183
1.827086113426287, 4.92844593706929, 6.744492769310714, 7.2329594453227415, 20.817333991270957, 15.78881719298137, 7.508762203273094, 6.882871841549905, 5.388072356530718, 6.258366423073255, 14.124574560348885, 4.548647836577729, 1.4932669912950958, 0.4895964816284474, 0.10010582521586174, -0.001987473657868435
1.7868529355210976, 4.84708110712649, 6.7239411045678255, 7.374679118397762, 23.017104066083913, 15.259168194458852, 7.607313713761483, 7.280374074836531, 6.01259421373678, 7.961728249131969, 15.077183694003516, 4.730623853989291, 1.5089399346199759, 0.4794752073197716, 0.09516243185055202, -0.006067398100143688
1.5841903129655188, 4.345112474081266, 6.118341695326041, 6.797079427339627, 21.745109573616553, 14.165222542310355, 7.1381726858853956, 6.834439906392876, 5.613166237988515, 7.238644804139609, 14.061606789862902, 4.396279821579009, 1.3671910772600226, 0.4108036588476365, 0.07497779190824597, -0.01959240107957287
2.163157181920853, 5.812653493565394, 7.913829490854591, 8.442759734122506, 23.933752624052094, 17.767795458185855, 8.626988658491863, 7.968900020624179, 6.318741687649508, 7.8413163139304345, 16.15835847471266, 5.3816551851741705, 1.8218029182384354, 0.6152318261640838, 0.1291392478395095, 0.0031592822372996025
1.8665760846202697, 5.107372250251994, 7.159296182076354, 7.892575439463506, 23.874130654827336, 17.90813771163636, 8.109777593377684, 7.284528756374047, 5.687090150837758, 7.1122971513309095, 15.416480303332678, 5.087148321052804, 1.7334056048116901, 0.5980373119053376, 0.12915183504318864, 0.010066386196800156
1.8117169097907841, 4.969125357890748, 7.0032238617862745, 7.792955824018645, 24.603833982721998, 17.325203962303974, 8.14976058443232, 7.508735145058203, 5.984711695963302, 7.517076167375023, 15.748980925162675, 5.061422652911188, 1.658817736295957, 0.5404648193561692, 0.10910215457195263, -0.006577825689539803
1.7952011338770992, 4.853759526984543, 6.6796820011706295, 7.235068225749507, 21.823486202401867, 15.104760089613393, 7.496712219212107, 7.117751156486124, 5.785509253018223, 7.243771195608481, 14.666413766606706, 4.5465867171751375, 1.4340315827590115, 0.4524101171905117, 0.08961517170076068, -0.006316196973316828
1.2999323691175964, 3.6532883275876467, 5.38613957854963, 6.354611791873077, 23.969774297776087, 11.542551222419478, 6.217689183037275, 6.534190502244218, 6.08981441388816, 10.63542432319384, 13.984849727940155, 4.447340430475696, 1.4284394966257088, 0.45436642731918897, 0.08969919427421572, -0.008182302855811951
1.3472987451638418, 3.703758534949253, 5.264440934726234, 5.966098948439143, 20.72142025140606, 12.118964015563884, 6.199384914341402, 6.16868789867194, 5.330460902702919, 7.5861405744399475, 13.216979330325865, 3.8257060521417183, 1.1219138601802199, 0.3244794519303115, 0.05821245393429454, -0.01517082872122857
1.6759004555396664, 4.609967910903421, 6.524656657716416, 7.288132546201279, 23.037329100147524, 16.58907232523257, 7.7188969906238105, 7.031688037205164, 5.515180725343875, 6.59238313289026, 14.768984610862619, 4.679171115107678, 1.5326664605088849, 0.5087653264505723, 0.10621064233051775, 0.0011338121713396344
1.8277424940679265, 4.974160339085726, 6.9063970671483705, 7.5319761974746635, 22.619089711080196, 16.867122785664463, 7.908151482157286, 7.186561500805439, 5.594106698121249, 6.564069633949433, 14.896631785788376, 4.815133517895231, 1.584152577247522, 0.5192349424802324, 0.10579507755018439, -0.004128660043962317
1.3454424440656625, 3.6941531319102787, 5.223497587763321, 5.854694196828977, 19.25550334926607, 14.209233475263039, 6.487542082607341, 5.8624164297706365, 4.485235418379798, 4.6985226159570646, 12.166857239893526, 3.807105121085895, 1.2336553320616976, 0.4038666641405404, 0.08263746269824886, -0.006171575905450733
1.5640222972078204, 4.286719089396457, 6.125870794129242, 7.013984442619583, 24.099377545661714, 12.646110178048897, 6.91385927839793, 7.0907340030729475, 6.385072357135066, 10.447003131701818, 14.731382381513411, 4.731160777713827, 1.55685770655236, 0.511474568464402, 0.10463259172577354, -0.0011533696073781228
0.9513365027453116, 2.6569469360450357, 3.890391621795158, 4.596919732500799, 18.282330524514585, 11.475054097525968, 5.461958249213155, 5.199668189616739, 4.185436010899681, 4.544977064076491, 11.180618131091908, 3.032136869984262, 0.7914633054455913, 0.1809307840623568, 0.01960764139372593, -0.03789987238641872
1.610118427945775, 4.421097335798607, 6.261133602009152, 7.040804961390195, 23.501637461948636, 14.46389396456096, 7.230578444460004, 7.070869807987188, 6.01178178650796, 8.483915604181933, 14.928779887581635, 4.568789461093763, 1.4275400069384225, 0.44564679117847017, 0.08714936426912742, -0.009226706530152283
1.8657510342907893, 5.053771653095397, 6.964198132988637, 7.5314576832107365, 22.229838565142348, 16.35371283413414, 7.811646520152971, 7.227125044967649, 5.7303847280534566, 6.850708305735012, 14.87432893676711, 4.7707128811995, 1.5557536929072784, 0.5065420297525716, 0.10303444772838709, -0.0028874872405710746
1.7789917487325584, 4.7581393993726655, 6.409558032750159, 6.73480636743217, 18.560591844102415, 14.75184733656902, 7.047124181093471, 6.448342636735599, 4.972695035354933, 5.351507493493864, 12.932034286214392, 4.206947799601951, 1.3872763764939293, 0.45383705858101114, 0.09197675644018512, -0.00685135324818163
1.6369204139732505, 4.499562017329902, 6.383532405981797, 7.182469370436561, 23.493046008200732, 15.814621398747606, 7.36494978352241, 6.84043269388631, 5.601686229554542, 7.775486148598799, 14.745659514772207, 4.728862617749106, 1.5477720877649448, 0.5064010584843522, 0.10321759935628157, -0.003499743453235263
1.8913854100921408, 5.159502110448764, 7.193248447021098, 7.878613126792914, 23.615633415819847, 17.433885880292742, 8.137066738743613, 7.452924333565439, 5.88116983008027, 7.172669637990077, 15.517704336966293, 5.006638790948475, 1.6717687779091908, 0.566869947808367, 0.1209354681743642, 0.007248794051532396
1.457724292094283, 3.9281292810518917, 5.3888095024373355, 5.844573027036342, 18.359492413357856, 13.519468029014897, 6.594355050709214, 6.078977947665887, 4.6544602587038035, 4.550225582279546, 12.124667103511834, 3.7457299863354234, 1.1582022720623855, 0.34917566778888376, 0.0641622548476979, -0.02150911736795876
1.5742166370671764, 4.3068706945919235, 6.046111739383411, 6.704222509519643, 21.32338562111257, 14.498981072548377, 7.06788311802153, 6.659732976764013, 5.386120846871568, 6.70945629457277, 13.910432880428807, 4.278068100917667, 1.3258920222955448, 0.4029287608605132, 0.07535821007278651, -0.014545529093769861
1.831122982589487, 5.012862340407219, 7.035503583211614, 7.776633719983472, 23.932633178388688, 17.574712691223162, 8.013862453907002, 7.299628845430732, 5.774435701196086, 7.201037243534682, 15.45301311015445, 4.998772644796929, 1.6749733426525528, 0.5684712742506781, 0.12082724147184357, 0.004140627152439604
2.3040413020654578, 6.108634242163271, 8.110968329737013, 8.371001247599443, 21.612937804981268, 17.80482635538119, 8.470199496858756, 7.68869850156421, 5.937085850794718, 6.80786825875101, 15.454132130664043, 5.173693709339257, 1.78913496441101, 0.6291567628595575, 0.13904175057104373, 0.01896409472287617
1.8912580986819325, 5.1204963477480545, 7.052487463100551, 7.623777038140936, 22.42423017331787, 16.79045291277223, 7.887696901492128, 7.183868270528632, 5.636631913332808, 6.828831810266821, 14.996060565413535, 4.822482675601823, 1.5918364428495422, 0.5290033634493277, 0.11015125495476794, 0.0014532278071829829
2.1874434987814046, 5.8470207574751365, 7.868225515799993, 8.246440814289187, 21.992625594301796, 18.176408413775555, 8.472042277834097, 7.5565910260905715, 5.7371327615856025, 6.347450518476554, 15.46192426183774, 5.119436302748866, 1.729835544373151, 0.5856279093445493, 0.12360553471594264, 0.004415809924166724
1.6273808404739287, 4.492825144950587, 6.401237569204885, 7.214180006373396, 23.44431695022045, 16.481206602075353, 7.638827040619137, 7.0142565254854015, 5.5660451282897565, 6.821460114986954, 14.823204437182806, 4.699052401615988, 1.5180193590434727, 0.4847491010321057, 0.09520665713842996, -0.012193521880138228
2.063649256396006, 5.5618713384285465, 7.591173327257533, 8.088486015159415, 22.546824200547146, 16.41173954239832, 8.155949543057172, 7.676062401074895, 6.180766233086602, 7.791102417027207, 15.363974679163016, 5.097594199080601, 1.7290690660989838, 0.5888808713739613, 0.12522734385770054, 0.0062522431822978905
1.6676567438264722, 4.549564940196885, 6.357238710767341, 7.010611014091686, 22.07529370614148, 14.621412336676975, 7.245929165694186, 6.918874852335163, 5.704307453724806, 7.536143665711445, 14.435436471110709, 4.479698296127729, 1.4076270121829488, 0.43746011621153796, 0.08437686763086841, -0.011817991775117675
2.112485608797099, 5.69488150123068, 7.7853402166209635, 8.323488574698612, 23.343039539669633, 17.267360285168756, 8.419320866991885, 7.812326821024291, 6.22735687434278, 7.820806256362795, 15.733647808702878, 5.305097618667132, 1.818574444865759, 0.6221733363569405, 0.13209448824976822, 0.005906722549963382
1.7470893367168245, 4.778742904570262, 6.706001729255649, 7.4253474972409315, 23.393549512126263, 15.637856913944942, 7.76603255621134, 7.3561365367325635, 5.995320284932357, 7.687783311682583, 15.181867958029171, 4.766900479332513, 1.5196454196389388, 0.4810876063588654, 0.09459143363402517, -0.011787254910360133
1.733166235737121, 4.726279506643565, 6.59605432741577, 7.254147821349406, 22.487480530898548, 15.398642671784138, 7.524803345642113, 7.095093833332017, 5.766858685837159, 7.367805867566177, 14.727939089091787, 4.6304904052794145, 1.4834452813512204, 0.4742220145414893, 0.09465798165181326, -0.00742005014030756
1.9307810588025678, 5.243761358744204, 7.260384165213406, 7.897252253298753, 23.54839994447372, 16.66418916628725, 8.145959282768667, 7.627009877312172, 6.133850392498683, 7.669210331663765, 15.616833257350578, 5.026096734769183, 1.6512733280942942, 0.5433845434406245, 0.111927015281329, 0.001765074162016425
1.730752131215764, 4.785828041791043, 6.839172454188392, 7.72092290169201, 25.18736486220497, 14.54564470347988, 7.852657561020594, 7.807384524919996, 6.687150162183265, 9.747754122099746, 15.488756443594445, 5.1758894447083525, 1.7710039485025681, 0.6083936593870112, 0.12798755864289732, 0.0010874346712665124
1.442628330931805, 3.9316592187467236, 5.4934604574387444, 6.081917768994896, 19.945207953303605, 12.826262768730864, 6.351425413405172, 6.188503513948232, 5.188829828193975, 6.7660421644545705, 12.988995009239211, 3.888979544146051, 1.170188723462971, 0.3449234435835137, 0.06261428538283625, -0.017067050419956833
1.9607462374627942, 5.389177074111073, 7.696026201799368, 8.740365224665084, 28.467386074121567, 17.529795465713658, 8.874885069509501, 8.555461631878195, 7.21581307400285, 10.524044286281766, 17.578977465826174, 5.841314430474111, 1.9858796526287386, 0.6744813110929374, 0.1428279013952991, 0.00644540339383131
0.9563366793477814, 2.678182510369291, 3.9306965103734712, 4.639554298998864, 18.11122869408266, 10.6134899472212, 5.150525660193085, 5.042881133984877, 4.2703924325150995, 5.637914312238979, 11.132381580863502, 3.0411716631052874, 0.8077840883402312, 0.19685827321239718, 0.026551088670822426, -0.026647645748206765
2.706500179330579, 7.23110779577059, 9.695473684560605, 10.062790167877223, 25.23577068555623, 24.07886590889876, 9.875918964303324, 8.385029930849647, 6.142169136675947, 6.55641408192268, 17.458689542988903, 6.330238291032566, 2.421738616570514, 0.9535149062544546, 0.23259500170125208, 0.06737865957684593
2.5974782005934904, 6.825204809417025, 8.902296756335051, 8.951445253521447, 21.02689925815416, 19.65316004393115, 8.997031933048932, 7.937108410791292, 5.887063455291758, 6.0019589330335945, 15.682297452815892, 5.491582726979597, 1.9773645096935024, 0.7185388342345258, 0.16216780716460905, 0.02481765948055149
2.0183332229644875, 5.357784614861426, 7.101560953730882, 7.268525313331899, 17.92464171984713, 15.507766513472127, 7.361847875377539, 6.638715369913245, 5.037694683868425, 5.3552682855732865, 13.105781034447295, 4.417554890811632, 1.5521819538784718, 0.5600242506115359, 0.12746714141847962, 0.025850402974174742
1.6740983595052146, 4.5882066833557875, 6.454708491105442, 7.160945876445193, 22.39997329991647, 15.883325846761501, 7.512313337521657, 6.9149516318740085, 5.482506831987345, 6.7799943771327404, 14.478635580006605, 4.606340124213891, 1.493038870079686, 0.4809949200696257, 0.09610372696554842, -0.007214384277130193
2.452202719319718, 6.562226497201219, 8.813544385988024, 9.145490514497162, 22.73235293856813, 20.192462596578327, 9.076702541909203, 7.978242612764807, 5.992357255199687, 6.627569231298954, 16.29620834243387, 5.6182088563553485, 1.999630853919013, 0.7207962665544407, 0.16183751723580048, 0.023859256931113352
1.8437807185737871, 5.057527813814147, 7.131657102808062, 7.944749687357577, 25.198061092024076, 17.14538669329112, 8.206864008320435, 7.661156402155547, 6.217070377200107, 8.24387601984355, 16.050845111561962, 5.181948426581316, 1.7099812879334182, 0.5632892130741856, 0.11534646371704373, -0.003131984963450251
1.8191841843699454, 4.901170467180137, 6.692059855000435, 7.158214200833339, 20.623146430071387, 15.473812904957212, 7.522880359498366, 6.922856834702576, 5.39949439562948, 6.168416249144642, 14.134599307801674, 4.484879527574085, 1.4214072041332277, 0.4403920449874865, 0.08401536370897258, -0.012381064440440957
1.636813526803683, 4.470850546265724, 6.265314253307414, 6.945609278731635, 22.190881034224862, 15.85887056088768, 7.519223558466181, 6.880389363554585, 5.36973483534519, 6.1782458740490105, 14.352654627183668, 4.4724405018336, 1.4150197802556563, 0.44421861347012864, 0.08670658962089668, -0.008838355528320139
1.82967067496514, 4.954741424831691, 6.823751803632502, 7.370661775944853, 21.4516483146934, 17.110459640362947, 7.551847753826835, 6.698385171612372, 5.1561526762728445, 6.054697432161521, 14.186304064581945, 4.713783730585272, 1.619102818232466, 0.5625497584822639, 0.12202864345839609, 0.009156809164052137
1.0955269459808665, 3.0300015057049317, 4.360123609334689, 5.030232371596483, 18.52728139937301, 10.815072880959779, 5.370968930349321, 5.320676950683567, 4.578193440179031, 6.354119038427788, 11.6225434454208, 3.243636227181419, 0.9106467856468521, 0.24778022163995903, 0.04070964957193478, -0.021841019483805155
1.4719206587456086, 4.070550136316181, 5.82595962339748, 6.62698708238535, 22.8159769440129, 14.674034342888692, 7.14145272993446, 6.7246275457729485, 5.479051871477132, 7.105775748755999, 14.204122387055778, 4.379554553542915, 1.3589680170301703, 0.40967123902408614, 0.07474665066139806, -0.022908678547134572
1.9184946918176962, 5.220920083455721, 7.271767856454707, 7.966938637300033, 23.803276790175246, 15.840457578997771, 8.02444439954571, 7.681235534677526, 6.3454228684530625, 8.662397055972944, 15.514957946892398, 5.141527757324938, 1.7517375139156028, 0.6007841376195729, 0.12884227774115142, 0.010163485356355365
1.982468093434378, 5.365480158952485, 7.387925952334061, 7.98646868792139, 23.432465392508284, 17.62468432928171, 8.227743960249452, 7.533242033453519, 5.92611487570414, 7.149154683624694, 15.58365018074094, 5.08280028997827, 1.704442237463974, 0.5768212827624623, 0.1223591475725988, 0.0057013560288699415
2.010898349644777, 5.399001396422865, 7.31359642408199, 7.717716903784642, 20.921114957203518, 17.356379302335643, 7.7722609787749635, 6.898519529791489, 5.289524836949512, 6.154323252656872, 14.369244648952563, 4.856986944361673, 1.6896292878560204, 0.5927371847264432, 0.12950632558770983, 0.011576455465597437
1.6060527481995828, 4.416385415691547, 6.267042721045631, 7.05367863770276, 23.286138943622746, 14.82706109864873, 7.320401460270539, 7.030215312321599, 5.853807815817637, 7.998137425870428, 14.794532637166348, 4.580716870271299, 1.4426985055133472, 0.45142613866578907, 0.08792900346742627, -0.010420628107750544
2.037760369200184, 5.525295289692303, 7.612864587676049, 8.197242467941395, 23.08094603586459, 18.55182571931128, 8.391392788776457, 7.484473048745842, 5.728433611979329, 6.566416120150257, 15.477482952112071, 5.160583104156342, 1.79737148826167, 0.641780197896963, 0.14414634827270223, 0.02334211833406303
1.4751214109268214, 4.06292400258878, 5.768187567307311, 6.48170539701606, 21.251333519267874, 14.659044885372266, 6.9361551357123385, 6.451307509841927, 5.150663016832261, 6.219714198293875, 13.540398003641753, 4.171139394547356, 1.3224255873131907, 0.4232806654296018, 0.08533179128002734, -0.0051802430907057
1.3526234619890107, 3.7343948011183303, 5.359505767616667, 6.1434482694459005, 21.419889079455604, 13.870810978396728, 6.58669890834923, 6.180369679090609, 5.045495798108852, 6.646838075393709, 13.339279964353226, 4.021344842437571, 1.2390662816374072, 0.38033566430749866, 0.07277676311973143, -0.011891330969702288
2.3160738511100973, 6.216462572708538, 8.426137502039596, 8.909544902416105, 24.3246442839799, 19.40066032329303, 9.056090616318013, 8.197756090905479, 6.356781574640469, 7.449421854432641, 16.642580401871466, 5.622411996125474, 1.9550810410137378, 0.6873529393666996, 0.15097018281353097, 0.01577338757653928
1.990198782333533, 5.364216463084769, 7.311860497694273, 7.767385362814411, 21.34730936504245, 17.23096168259334, 7.961967475304023, 7.157155992845544, 5.481187937382303, 6.2083773961917865, 14.666480849670155, 4.854154672917938, 1.6530693155415135, 0.568462282995287, 0.122287838075301, 0.00770290637664251
1.4793522831907062, 4.126214416931972, 5.99994997067674, 6.943084699002916, 24.67048820319968, 13.125148250667285, 6.9697349942806, 7.109110830326776, 6.355194901049251, 10.073568937929922, 14.742200471199574, 4.768614898454409, 1.5559589743954305, 0.5016654871880136, 0.09948500659567545, -0.00842580377111949
2.384004097818297, 6.381883402204704, 8.604189280315735, 9.021473706899526, 23.741520085411093, 19.225634282715056, 9.098706002144404, 8.24918225260688, 6.382950292783674, 7.427730515738129, 16.63008058528649, 5.619035341941506, 1.9447881660480881, 0.6777732725138141, 0.1474593902937039, 0.015246728825549546
1.8354711238290025, 5.031459571378736, 7.112836979705961, 7.960067870558377, 25.57985850220026, 15.028283906692657, 8.11367251988415, 8.07410410197724, 6.911770038608671, 9.89110254660482, 16.194745996020572, 5.239466921296108, 1.7151604167351362, 0.5567198065379734, 0.11300186656957613, -0.001923115739171502
2.007589398009143, 5.427671058421548, 7.44917040256481, 8.001165444809205, 22.875075059824322, 18.417720132951942, 8.353989897972973, 7.3788352883188155, 5.576252387562223, 6.204324831232366, 15.312470478036511, 5.099656541321069, 1.7335309827117613, 0.5878494113381897, 0.12348758947452866, -9.543642851484497e-05
1.3632525332578982, 3.869418832654391, 5.742048010743304, 6.774224703663635, 25.627408096816627, 11.87493145969416, 6.652747341711935, 7.061408921897112, 6.605125678812477, 11.522490897815878, 14.780252717226011, 4.808041207745331, 1.558348452000371, 0.49593011086874317, 0.09593391089482228, -0.015529556774394694
1.7564011757515903, 4.788358683764172, 6.716268584258967, 7.454552492326082, 23.154332266352203, 16.556282392875218, 7.633366563516097, 7.0025989931768935, 5.607852518776484, 7.351680222324791, 14.906861752242941, 4.7883317675238555, 1.606115902957998, 0.5519770538292315, 0.1197927288224691, 0.010587349701008551
2.1778494874747163, 5.837232562434505, 7.888831227986687, 8.306923932607274, 22.355511158306314, 18.255695401884946, 8.610617478237724, 7.722221048714931, 5.858900399788263, 6.360629870663026, 15.630986918684576, 5.1623989905312735, 1.7390016641175254, 0.5847516875064114, 0.12214194904438921, 0.0015706160082444977
1.4188765017462013, 3.917445359597069, 5.592547631695948, 6.342336412676994, 21.665551734921973, 13.729432217240365, 6.863796057403855, 6.557406554244271, 5.376442457731743, 6.823653137643916, 13.727636460552633, 4.1042751609708565, 1.2379183772848952, 0.3654378883687454, 0.06603967555033244, -0.021484779219682566
1.6927601627235835, 4.621634263866327, 6.485931890226536, 7.211899493861115, 23.236881339510738, 13.853647773829021, 7.195200801409756, 7.148341030661589, 6.1809237071502965, 9.25110262813751, 14.836694276474288, 4.696683334553532, 1.528367919767657, 0.5022611618579816, 0.10409872896864933, 0.0024110366646201736
2.0675235973612995, 5.550244563914129, 7.558734850438854, 8.08646335349226, 23.358993322749978, 16.64875181276824, 8.34099170187012, 7.83757524378095, 6.2919798289237, 7.83719059927622, 15.721868672023355, 5.182374017492801, 1.7174114317881148, 0.5611561944848552, 0.11350490125515782, -0.004558873390639944
1.8750925848917985, 5.1299586171029725, 7.202923505281458, 7.973776898731471, 24.834485508691614, 15.450161853361818, 8.000268469163661, 7.874954962464106, 6.699276309931854, 9.467252556000854, 16.118402204086653, 5.13369141783274, 1.6572522139152845, 0.5300998581156642, 0.10513237739826511, -0.008775249312067681
1.4783676803052166, 4.121161485130946, 5.992234213264667, 6.9633756355364484, 25.200615178497277, 14.22132876924778, 7.2589875828795325, 7.157575799722857, 6.180287104508213, 9.302831369215362, 15.336537105646052, 4.676884471531203, 1.4280651242947622, 0.4231765076255517, 0.07640248376560371, -0.0208777206378428
1.9550036557840638, 5.2828091721265595, 7.257868924925612, 7.833618746593523, 23.222415182788883, 16.89654846391625, 8.133082269136326, 7.529772106851213, 5.978901897960973, 7.313301816134139, 15.41407349909145, 5.0113642126046845, 1.6642032113841971, 0.5539978291069222, 0.11518902938099285, -0.000584459580468284
1.5463420880494285, 4.210978482967295, 5.907636469503015, 6.578655599964439, 21.047855162424273, 15.140156059616364, 7.0667141829424605, 6.486903760639118, 5.092873078944513, 5.882685402048342, 13.55936267095186, 4.219040429191711, 1.357284741213034, 0.4423036804323539, 0.09079254981655606, -0.0020442291284285927
2.0639419562379544, 5.539726499029698, 7.501491926542903, 7.914402567018116, 21.45150012611769, 17.44461790404284, 8.187819833788492, 7.343654486105479, 5.5858340393410755, 6.145163997627837, 14.90573840607472, 4.937024719264996, 1.6678560264327016, 0.5639923901485916, 0.11884277328768052, 0.004250011374101391
1.8606884670763637, 5.06431493729158, 7.054188298072233, 7.755263055423389, 24.013767197548553, 16.94821358258268, 7.9505333204026485, 7.361398927137254, 5.935027887717329, 7.794560842107788, 15.416536801925043, 5.06341751743791, 1.7054791421753568, 0.5765126933296361, 0.12131425939367108, 0.0017854731757062632
1.3081190926844284, 3.6584973075386444, 5.392411841262049, 6.397547315189536, 24.338701316090845, 11.700293203560285, 6.356049224914812, 6.674383188053707, 6.186787177908019, 10.617340045815137, 14.428802636070726, 4.410070854475834, 1.3445643887377725, 0.3951848854937021, 0.07021016668777935, -0.019751874945705204
1.4355546592767916, 3.993967694386655, 5.79078765954092, 6.705985052000516, 24.05940836022856, 13.377064618456052, 6.791503805027019, 6.781277779293636, 5.975843774671284, 9.426936778058886, 14.607349509114664, 4.516473044512683, 1.4147438682063136, 0.43835642639525124, 0.08424030224571447, -0.012487819029634837
2.249659435555258, 6.028360441186971, 8.13531668680556, 8.53753179093086, 22.678068372911216, 18.674341243539022, 8.696259035945888, 7.802137975453884, 5.964081119952171, 6.698941143092049, 15.85161848916304, 5.315455774333867, 1.8269792408119296, 0.6326894878828875, 0.13686066434616845, 0.01115791474347118
2.1052366508612854, 5.66332910251905, 7.695071792223561, 8.143130288209374, 22.13805101449961, 17.593840595020385, 8.2988897720121, 7.523485517021241, 5.821513761078579, 6.7567305793408226, 15.256519725093264, 5.106728296904263, 1.7482787085904246, 0.5998802905543815, 0.1279913885596966, 0.005540511433866379
1.995576312776805, 5.400384222754843, 7.425053993288421, 7.996334614564103, 23.092102502213432, 17.49749243897161, 8.227221571299639, 7.532392583977232, 5.907428144563508, 7.058054084748655, 15.468962809472474, 5.06748154222534, 1.706023642519252, 0.5792069027584447, 0.12312049900183905, 0.0060066913728924285
2.2903331787858248, 6.1515505959497006, 8.339887353039781, 8.806859515960548, 23.67111222628335, 19.175201421916363, 8.979771614205953, 8.071119295795494, 6.191273874822091, 7.063791272480684, 16.355686764688254, 5.5423827518534985, 1.9057708774015798, 0.6496448935558766, 0.1364339418407021, 0.002342650828459088
1.2314966109736099, 3.4401865181438898, 5.0152102588782626, 5.844280569271909, 21.489644693035594, 12.863883773115043, 6.362905817905475, 6.151724217683229, 5.145461116137252, 6.891086188030926, 13.277536552709279, 3.8260279605159213, 1.1028865918015613, 0.3061061729407636, 0.05104270320510555, -0.024231756489158766
1.6301769042056853, 4.442437967807177, 6.2121339451879045, 6.88864837651681, 22.424879247374236, 14.075663814670815, 7.174090423352092, 6.981089506080306, 5.850871544847219, 7.901445786437831, 14.525539924981011, 4.4366918458474665, 1.3639839549554205, 0.4126630595748882, 0.07748633682458915, -0.01253506369444122
2.1022872052445396, 5.670660958225987, 7.745465446787915, 8.258610120840748, 22.970139537197493, 18.052347374829907, 8.487117040984213, 7.692936518138168, 5.95050112690598, 6.849858430479675, 15.655641932435515, 5.203259345012647, 1.764585717689486, 0.5980640771140227, 0.1259580717340621, 0.0030791028603216
1.88077836624962, 5.105259618866762, 7.068577589649394, 7.701831285099146, 23.275977143847104, 16.499213472989556, 7.969792781233311, 7.461507994347807, 6.001966616140196, 7.4683662970429605, 15.393890266606514, 4.889309781576103, 1.602399065394419, 0.5317150466865785, 0.11115882962856868, 0.004437667883771839
2.031772997523043, 5.578438552869479, 7.8948703930075546, 8.842619518334953, 28.401496713980592, 17.4592471698778, 8.805552077075443, 8.559054187290474, 7.303958263589503, 10.96472451749297, 17.609899998429185, 5.910286654231599, 2.0373612924313256, 0.7100160085946, 0.1547443001908637, 0.01581718377658025
2.2381787947570038, 6.002436649662526, 8.104679273070666, 8.4899198112949, 21.977321588660285, 19.034698931009665, 8.480264526399983, 7.478121506463178, 5.654940918039096, 6.346111623419443, 15.395006194372653, 5.262636813425632, 1.8729758246345232, 0.6809487364454794, 0.15494295484214912, 0.027673910981551125
1.7776798243448348, 4.870732557547644, 6.855821013586389, 7.620599121543554, 24.147566481998822, 15.940925976753972, 7.854088518782405, 7.422178970935927, 6.088156313131209, 8.257602300223391, 15.470389082133842, 4.970316122480842, 1.6065009113087048, 0.5105382390672238, 0.10013643719149767, -0.008890487203916749
1.5831649279397522, 4.340504348529761, 6.126155207267625, 6.856705527638986, 22.56177374122713, 14.488334752798206, 7.214371978171776, 6.920744499863948, 5.726163536994783, 7.512112148503666, 14.478842071200788, 4.421865526894748, 1.366801067821593, 0.4173792124028313, 0.07912035399174173, -0.012856011708894315
1.9152059393958913, 5.151409302241199, 7.011460497108113, 7.463606174836096, 21.183786673109374, 15.087497680642679, 7.5877743506180595, 7.2119793987769825, 5.860966842128842, 7.327868597517404, 14.546264273874352, 4.67438530137542, 1.5209284357208164, 0.4921977434796783, 0.09926267167330219, -0.004556490484901044
2.6693643912842235, 7.031503369806449, 9.288174954986795, 9.573058229406323, 24.29839204499715, 20.467081778953073, 9.540912453583942, 8.64107167909057, 6.685438011844858, 7.798825062036603, 17.18138268846466, 6.034808826464061, 2.1766402016604767, 0.7907884640150998, 0.17800663048785095, 0.027166183225016738
1.8174421687840832, 4.877678149887555, 6.627407068873565, 7.059905006592537, 20.3175431687178, 15.261799661676699, 7.157216148037407, 6.660023746475338, 5.338416467143753, 6.592793627444843, 13.808385988169944, 4.436938261519664, 1.4818883498938973, 0.5040763314133649, 0.10798779057615027, 0.0060049044131808066
2.706500179330579, 7.23110779577059, 9.695473684560605, 10.062790167877223, 25.23577068555623, 24.07886590889876, 9.875918964303324, 8.385029930849647, 6.142169136675947, 6.55641408192268, 17.458689542988903, 6.330238291032566, 2.421738616570514, 0.9535149062544546, 0.23259500170125208, 0.06737865957684593
1.9293096578235613, 5.223268450653123, 7.1992182091024395, 7.794463474044737, 22.8367496138817, 18.083663285170825, 8.225724537669171, 7.317071819552589, 5.5481837841214645, 6.0637625954123315, 15.150986873699702, 4.985513146710567, 1.6733515319938692, 0.5591238254768943, 0.11561876549999599, -0.002283590208807198
2.123063623648438, 5.712323652313879, 7.7800310841109255, 8.284482898971355, 23.104881194079834, 18.498484649206556, 8.36851386728823, 7.503656438097506, 5.818237554869384, 6.986372711809803, 15.612020457402297, 5.259451025866431, 1.8268357158892938, 0.6405599671108909, 0.13994618202732326, 0.013055793864460704
1.6207679518083058, 4.42368695532705, 6.179468913023078, 6.793247938340017, 20.719267551459467, 14.727075621279827, 7.05653696021477, 6.535946442754976, 5.213603172636868, 6.491819548352952, 13.651806113493494, 4.293633569364472, 1.3902024493520329, 0.45304310159115985, 0.09255352279367873, -0.002003842728284184
1.7184513173020686, 4.742341440475839, 6.756886105282883, 7.628137297948325, 25.273702936175326, 17.437465123223024, 8.146773578515049, 7.470702881028995, 5.939631766616497, 7.4363433020141505, 15.775676417130677, 5.026265310918344, 1.6471083279664147, 0.5408833763922917, 0.11043889149643184, -0.007398736167865654
1.6800133673692712, 4.582680780765627, 6.391266326185524, 7.013520961477327, 21.495874835981017, 15.265535603964846, 7.31026912650631, 6.7978936545814985, 5.432185581254813, 6.677914153131526, 14.151603870272318, 4.462953948290569, 1.4275945305561681, 0.45250498474058387, 0.08891600938393605, -0.009771408024261517
2.272449404244229, 6.057572605130531, 8.10177081203334, 8.40924230636546, 21.683858556242367, 18.3184684333995, 8.52263140732258, 7.651334704038861, 5.834772103501184, 6.4296433138429645, 15.41302542382107, 5.198121651913393, 1.807102269915007, 0.63855449765527, 0.14177371066307207, 0.020785427202720926
1.409616460317174, 3.9407076732503765, 5.750038554775199, 6.689591137249815, 24.14794354267771, 12.803964592188285, 6.710104774310023, 6.8435476611976505, 6.140691063574387, 9.840869075063702, 14.36418394263375, 4.61496796654411, 1.4879252375233043, 0.46795900861729306, 0.08969051375827011, -0.01631901801808744
1.7027377679027413, 4.690258679830708, 6.682388234599619, 7.568944452354027, 25.6423633344882, 14.598477311063252, 7.524115472781198, 7.502095362153122, 6.5859335547915006, 10.399650303469853, 15.69298305812505, 5.115508269193495, 1.6993020521236961, 0.5651775319608605, 0.11727722656474168, 0.001198134293575188
1.862257747466181, 5.027316080618334, 6.8765435505029435, 7.343400130603276, 20.701556938158788, 14.931813382526919, 7.3789004497997395, 7.011417112592432, 5.702093415274339, 7.1960509607869705, 14.171146565402884, 4.581514903751611, 1.5250529742712708, 0.5127693798462559, 0.10809496462667417, 0.0016005573766837802
1.8036135913299969, 4.819875077380087, 6.489656210652916, 6.823652782349981, 18.719201093736373, 16.033868379106075, 7.167659691699769, 6.306439323324044, 4.694922366360891, 4.668389967744991, 12.850552362381837, 4.283915175041331, 1.4908306248003922, 0.5318804994188404, 0.11938841097132248, 0.01749714776676205
1.9447688705989483, 5.255010398174393, 7.210510227637585, 7.753246355961621, 22.42262844269179, 16.88180980823577, 7.92902737550696, 7.299233488968494, 5.78680466707735, 6.9929879808692705, 15.098051752771458, 4.888975987224834, 1.6294898498935984, 0.5484946851544484, 0.11585008422541343, 0.004369243744785904
1.4793522831907062, 4.126214416931972, 5.99994997067674, 6.943084699002916, 24.67048820319968, 13.125148250667285, 6.9697349942806, 7.109110830326776, 6.355194901049251, 10.073568937929922, 14.742200471199574, 4.768614898454409, 1.5559589743954305, 0.5016654871880136, 0.09948500659567545, -0.00842580377111949
2.445222415916221, 6.50434200951098, 8.700558406258544, 9.064648517555474, 23.528918593890175, 18.691389140190484, 9.001010810850396, 8.28648381283174, 6.534393422430912, 8.001290626884897, 16.552387942648867, 5.655160076434735, 1.9976410962806144, 0.7164701761740516, 0.1606191851831369, 0.024819958643281154
1.8176649598936772, 4.983832201504326, 7.008496545816122, 7.752800672376297, 23.57548501050338, 18.03408056558977, 7.8704840037784605, 7.0518157851185785, 5.5246943641124275, 6.918238979240718, 15.052988399039988, 5.002141854525459, 1.757263373220225, 0.638431024465937, 0.14606110305108708, 0.026806637387208614
1.7826467051632882, 4.815618599716934, 6.596010267909685, 7.064505143708952, 20.084437275466176, 15.92141896376024, 7.3604099547890485, 6.633523208821431, 5.092306878240053, 5.609358144703092, 13.638411467680536, 4.428778871372907, 1.4793534477092838, 0.4968062147265739, 0.10413173762962927, 0.0013517918443595118
2.0906996832310654, 5.617083476068232, 7.620139378666399, 8.057219172482533, 21.94369524346792, 17.80312033642922, 8.284237101162699, 7.436181950169757, 5.689560490508536, 6.350798133763271, 15.209687139101847, 5.021864053014681, 1.697883108726722, 0.576136620545107, 0.12186956926082246, 0.0048111650700282
1.637720727582051, 4.481407009840158, 6.294851104735983, 6.986974610748505, 22.27357073025462, 15.166025775126814, 7.347574079990608, 6.895057922408757, 5.567840306578496, 7.043493268901667, 14.450119577275633, 4.474426874811328, 1.407368038223668, 0.43965019556203655, 0.08550350384352295, -0.010614399806350053
1.836896140230423, 4.986911228717419, 6.9188432815513625, 7.550698467380949, 22.355481498236955, 16.701846322442325, 7.823347261059158, 7.119186632634702, 5.572199296402998, 6.707392245061376, 14.80206619802946, 4.779828179584645, 1.5962163712021002, 0.5398219654730796, 0.11447512542763885, 0.005142295116537319
1.3472987451638418, 3.703758534949253, 5.264440934726234, 5.966098948439143, 20.72142025140606, 12.118964015563884, 6.199384914341402, 6.16868789867194, 5.330460902702919, 7.5861405744399475, 13.216979330325865, 3.8257060521417183, 1.1219138601802199, 0.3244794519303115, 0.05821245393429454, -0.01517082872122857
1.8665760846202697, 5.107372250251994, 7.159296182076354, 7.892575439463506, 23.874130654827336, 17.90813771163636, 8.109777593377684, 7.284528756374047, 5.687090150837758, 7.1122971513309095, 15.416480303332678, 5.087148321052804, 1.7334056048116901, 0.5980373119053376, 0.12915183504318864, 0.010066386196800156
1.7928371852465812, 4.937537008696389, 7.039728603626524, 7.964651480573636, 26.43357623655436, 15.708165349746816, 8.004130139424735, 7.861757378664071, 6.766160401651156, 10.19579211360496, 16.157051354535962, 5.3921596644032626, 1.8358105678824364, 0.623133350166477, 0.13104298450659302, 0.0011212701316187686
2.072858700441467, 5.6800242743205835, 7.976080909989257, 8.797398535985604, 26.428587669239768, 18.553565967058017, 8.758799026830369, 8.131384080280661, 6.61681671479423, 9.149687118663088, 17.009230662862528, 5.69149068878252, 1.9692308104383858, 0.6929512698659527, 0.15298112032326266, 0.021363109914517044
2.5311075761361925, 6.675928759256469, 8.763509351553557, 8.879211670487521, 21.252222411537417, 19.791131038288636, 8.82482347051954, 7.735575497752122, 5.7574056995346155, 6.118328790997055, 15.559519424165536, 5.48700803044725, 1.9964489623266712, 0.7351233190060437, 0.16803827913639258, 0.029192524701472777
2.249659435555258, 6.028360441186971, 8.13531668680556, 8.53753179093086, 22.678068372911216, 18.674341243539022, 8.696259035945888, 7.802137975453884, 5.964081119952171, 6.698941143092049, 15.85161848916304, 5.315455774333867, 1.8269792408119296, 0.6326894878828875, 0.13686066434616845, 0.01115791474347118
2.0452296365126608, 5.497017383717449, 7.468807509687562, 7.920311767749319, 21.8438987944339, 16.993176847548998, 8.037465496398983, 7.359511028066648, 5.775543104285072, 6.878766820969261, 15.10200739141974, 4.919997214517699, 1.6564941047700936, 0.5663574800198238, 0.12186516174260859, 0.00922707920402913
2.2302000066128707, 5.957622983237932, 8.0013404108197, 8.352345534715145, 21.89852583042302, 18.07363447270557, 8.370512622923243, 7.571671463128665, 5.873433906830557, 6.781187197042492, 15.446591622055031, 5.168601126728105, 1.7879638543539282, 0.6282935305757549, 0.13847774557653178, 0.017542151950501652
1.3525701885305506, 3.72661947769287, 5.308245850924177, 6.010171277127588, 20.318397948072125, 14.03546871807931, 6.526973984786054, 6.003719046046262, 4.761150493942139, 5.705587412360929, 12.728582284550752, 3.9314672932588204, 1.246600879657458, 0.3956720596161028, 0.07831993361156674, -0.009596412087208066
