0.5666628890366366, 1.5731141522941257, 2.250210155312759, 2.512371170084463, 7.026047763636398, 6.701519786528005, 2.6022698868842435, 1.9968145860464463, 1.3061761772712217, 1.2941996915669494, 5.408161175529981, 1.3463142737325862, 0.2529213228512413, -0.010480545306646204, -0.02593235224521519, -0.05757283996513095
0.27658434722279623, 0.8127723368478927, 1.2879189080406452, 1.6464824850459803, 7.116977961719622, 4.965895511476536, 2.1276853709738766, 1.7223947509961868, 1.1755564373557534, 1.1794352301077025, 4.798965790094935, 0.907506021611215, 0.03675852362794627, -0.10342274650543047, -0.0488805151823648, -0.06291077395849497
0.5265430165945207, 1.4961769488332417, 2.2412865058598146, 2.687760439806026, 10.337612614307671, 6.269153178114622, 2.9410860495130384, 2.67068550996534, 2.166416024350099, 3.2871934950201784, 6.7229617960303205, 1.6602259797398686, 0.321103259391811, -0.000100519339860171, -0.026199634433045686, -0.061560783264782655
0.7929117411745017, 2.2464138780548266, 3.3394116691076103, 3.9468261558240676, 14.061138571791547, 7.44014906154336, 3.8605443103605346, 3.809143755840131, 3.39472444122576, 5.976027357139395, 8.9069260819386, 2.513571831481524, 0.6712539955153596, 0.1478467461473265, 0.012013863261565715, -0.0444913631212055
0.266597256671107, 0.7893458985731331, 1.2704273054569786, 1.6632644829793484, 7.866812994626464, 4.82946261062419, 2.226183312871025, 1.8920293846843732, 1.3717009228622496, 1.5783874087030356, 5.101950609918123, 0.961350474433791, 0.0408952474561158, -0.10528915940280519, -0.049589276045252186, -0.06335063168839089
-0.04575676127346154, -0.06478647636851059, 0.08601823671124662, 0.3989102683474377, 4.679381436633829, 4.124529050327984, 1.2702742575253116, 0.6944666955670679, 0.1145412662502639, -1.1422922790796046, 2.8058394700581433, 0.19142207814226891, -0.20935987274417625, -0.1868065630947458, -0.06685665628595558, -0.06835141300768645
0.20903575530593213, 0.6345194196708431, 1.0597560096417535, 1.43628110776551, 6.91358549428028, 5.081084677471937, 1.950707757483687, 1.4929430706626035, 0.9567213105628743, 0.7912582696000714, 4.509020681627203, 0.7941079877840644, 0.005064800552445837, -0.10920120763026361, -0.04901894031911944, -0.06378103213687654
0.2891364801615484, 0.8538039041761687, 1.3656300241300081, 1.7689273093932485, 7.984685316952919, 5.196370933173861, 2.280368808562594, 1.913259676334918, 1.3729729028175612, 1.5520987948672338, 5.20192521599899, 1.0140353574043344, 0.07658355037518359, -0.08488724198347873, -0.043597935896773674, -0.062110157813238205
0.4507076337601562, 1.2774608428173702, 1.9007094959369637, 2.248277019090736, 7.918937944894905, 6.08825042549266, 2.513992993509819, 2.0469707318112227, 1.4484374444284465, 1.7046678417461858, 5.519594201312614, 1.2695386737443721, 0.1978111562609578, -0.036336892367875614, -0.03243069095587502, -0.05995130319485954
0.6211101234861787, 1.7727935942541695, 2.6784681944622317, 3.2523421641512833, 13.290374473660375, 5.9146125879608595, 3.3996546412789006, 3.4923873305689552, 3.1961183241594497, 5.717603490777718, 8.12244615179629, 2.1671896600343694, 0.5017268349935265, 0.06446778925939387, -0.011855473711885361, -0.05876115315684032
0.3784822360820855, 1.0869417987015735, 1.656516209476574, 2.0218351380991653, 7.792773730642941, 6.037144497046013, 2.4380820769947618, 1.917674829985143, 1.2806402321390555, 1.2672032622885874, 5.328168476678355, 1.1421882536517511, 0.12880251333866416, -0.07088708076789682, -0.04228408922628636, -0.06543628931118664
0.4592549695874707, 1.2904709609384526, 1.8863265491249213, 2.170866965843888, 6.803370424584512, 6.177373107812452, 2.35841628313864, 1.8027134282384503, 1.1670054872122226, 1.0965944140961212, 5.114786541454824, 1.1381836023315568, 0.15238468573669495, -0.053768736288526346, -0.03694075521885349, -0.06323168454402071
0.5666628890366366, 1.5731141522941257, 2.250210155312759, 2.512371170084463, 7.026047763636398, 6.701519786528005, 2.6022698868842435, 1.9968145860464463, 1.3061761772712217, 1.2941996915669494, 5.408161175529981, 1.3463142737325862, 0.2529213228512413, -0.010480545306646204, -0.02593235224521519, -0.05757283996513095
0.4483723760303875, 1.266401369629099, 1.8682561471189558, 2.1739310883576692, 6.861637120030105, 6.6592362950278625, 2.37194136089585, 1.7288791143671705, 1.0473028831408033, 0.7958543158719459, 5.120032233230537, 1.1348461716674463, 0.15533519456537404, -0.049981636634704334, -0.03546249905488701, -0.06243457420597327
0.17378619627041145, 0.5394138812359293, 0.934834136550516, 1.3231562415083835, 7.136653605522818, 4.6665077923656835, 1.8783927868183818, 1.5030293057496864, 1.0295253231922432, 1.0569334068570309, 4.509695450615081, 0.7555627168626424, -0.01509964423845606, -0.11714627892810836, -0.05076703108735432, -0.06374002403860442
0.8827445395129544, 2.484894323328014, 3.6419818232483294, 4.21246290242213, 13.921997459653754, 8.683887267958031, 4.119075974617902, 3.848473552843261, 3.254153886192815, 5.30431912912478, 8.971842208067505, 2.6689415007140354, 0.7661337401919657, 0.19211068774298118, 0.02323313622568915, -0.04325400092836405
0.3094519338134841, 0.9032298317166498, 1.416679370942109, 1.7934952278038532, 7.674567284489001, 5.461027472609788, 2.254233550228731, 1.8199226387029717, 1.2563185508505093, 1.3308326205159722, 5.099133346458488, 1.0245765740979627, 0.08175581486400807, -0.08765722704636483, -0.0458341799049799, -0.06544545735850386
0.4614412412037192, 1.306844167739238, 1.9391946164215603, 2.279135413387195, 7.626111200704717, 6.507832090861032, 2.4548720927101235, 1.9128488244419064, 1.3001778531923027, 1.431201928390074, 5.402189743137086, 1.2628906808587805, 0.21464051661933897, -0.022256595236103297, -0.027673454924456477, -0.05665012465177355
0.3697153750436152, 1.05342327300106, 1.5822811455410215, 1.8892644598823536, 6.527176785799507, 5.723350526716635, 2.0080433347266924, 1.5291953387865356, 1.0234673395571674, 1.1421870372170226, 4.698708793014662, 0.990620432467575, 0.12468934433799145, -0.048387822867532904, -0.03207529361003738, -0.056712886895424475
0.7483090208224082, 2.10248525557033, 3.1017132306111526, 3.6415638222165088, 12.651227122095106, 6.815257140273087, 3.570044819144637, 3.5072899867400635, 3.0983954442720023, 5.357877219879016, 8.265257600624407, 2.250357377672063, 0.56677252254185, 0.10482341243443703, 0.0009438374994283005, -0.04973514260705631
0.522527238816299, 1.486725447873406, 2.2308225489266498, 2.6755590242406786, 10.025431153275635, 6.562910754133817, 3.0149499883601365, 2.632262801591938, 2.0209411475699923, 2.744280946173103, 6.591582802437693, 1.6205999320967828, 0.3140808085029618, 0.002073489704105434, -0.024413886409912402, -0.05751361796056219
0.38063101596542925, 1.0897612377196946, 1.6537054489996121, 2.008471829209227, 7.663509125633626, 5.827450398353773, 2.3731151422463514, 1.9014505842497287, 1.3072982780978997, 1.4017928689710648, 5.26028004900477, 1.13136819984285, 0.1307993796713093, -0.06775249392689872, -0.041221464385170076, -0.06715602700483753
0.40044851676331294, 1.1272523022570107, 1.6536174067947793, 1.9097882134643032, 5.90708118712507, 5.849924952189102, 2.0706427085458214, 1.4951587074441317, 0.8929076045089486, 0.6673458883113459, 4.424052927200626, 1.0055649436945802, 0.14658774672049363, -0.03946314525073031, -0.03029433438697523, -0.05642581162857019
0.45403471270540297, 1.2833870136383856, 1.9020409431113328, 2.2436160818587783, 8.05569160679712, 5.535154234721113, 2.5549583980150294, 2.195721889616743, 1.6339345718081617, 2.0466652575194857, 5.611010456274801, 1.2731811518387128, 0.1827289891843865, -0.04769047073957802, -0.03585024492068589, -0.05937060098701536
0.39953847332430853, 1.135380853035016, 1.6984799172108014, 2.0226455055482964, 7.243589013140603, 5.6038893410934865, 2.3211849892681733, 1.8678271935549844, 1.2916825007060828, 1.4222270752262711, 5.0608058106875635, 1.1334165918821837, 0.1562724061039572, -0.04878201175849471, -0.03468517222248125, -0.05935522233060774
0.30145544366428995, 0.8844923804038561, 1.402499267746552, 1.8067013063478303, 8.39371405504578, 4.4352154671761115, 2.296427672982823, 2.1089406947724556, 1.6766391676050127, 2.3375008167091567, 5.429310982638081, 1.0700640114192588, 0.07166018833299746, -0.09919434039269065, -0.04941387481562642, -0.06230369964897632
0.38857459939480565, 1.1196380103519625, 1.7154668544222855, 2.106222968684899, 8.175360256765714, 5.873345114372062, 2.4126116927455374, 1.9954414444890436, 1.4486654679443147, 1.8022335803940743, 5.517693651540993, 1.1915923131633823, 0.16070616789032494, -0.049184916900610894, -0.03490187810828304, -0.05974634640284942
0.7026740722657183, 1.9543881085331427, 2.8131003873946, 3.1779210827454576, 9.416638539871094, 8.047159244850022, 3.1648999899243777, 2.5845119963726995, 1.876924185450618, 2.3996124808080728, 6.753003705358746, 1.8193385636140853, 0.43701771973686754, 0.06295854276563256, -0.00816128619844857, -0.053759971342537315
0.9423353467820542, 2.6218347282100547, 3.7603970817669006, 4.2202962955001455, 12.296584762355534, 9.04520544510556, 3.902167881427922, 3.517917638071751, 2.89791297528355, 4.526509720763458, 8.359040636264409, 2.5492366183329613, 0.7823723904772423, 0.22896877793441908, 0.0390554612374526, -0.025482848071886815
0.30145544366428995, 0.8844923804038561, 1.402499267746552, 1.8067013063478303, 8.39371405504578, 4.4352154671761115, 2.296427672982823, 2.1089406947724556, 1.6766391676050127, 2.3375008167091567, 5.429310982638081, 1.0700640114192588, 0.07166018833299746, -0.09919434039269065, -0.04941387481562642, -0.06230369964897632
0.32962248407708716, 0.9474027984089634, 1.446526623671624, 1.7712978693934593, 6.952515235080822, 5.135566639606334, 2.128675817298658, 1.7121096365256754, 1.1816797161957318, 1.2970471992165855, 4.827583033830687, 0.9693525574212067, 0.07023892399467586, -0.08993334182583934, -0.046088515425576675, -0.06575593198204052
0.4531393980998626, 1.2842237340069853, 1.9175145701745895, 2.2834189634950106, 8.254181569777927, 6.086858773062661, 2.5880179046086456, 2.1446856086229777, 1.5439376596131453, 1.8542374273410247, 5.681908741636445, 1.3093018767542066, 0.2039435959092458, -0.0386470587237772, -0.034139923074320365, -0.06301710787820505
0.3157519871530133, 0.9209802230779859, 1.4391731975484865, 1.8040167361951316, 7.163642511452342, 5.756672996456472, 2.165996521797018, 1.6567866562680174, 1.07460459671948, 1.004327203371544, 4.915760000316027, 0.9737094844474022, 0.07884079865807023, -0.07995944059006523, -0.0420000317806914, -0.06169232450086385
0.6096387562442552, 1.7284951931654469, 2.5717665417747, 3.0420953701551716, 10.9023332620276, 6.750148284134836, 3.250905652313376, 2.9602215924848303, 2.39129680323222, 3.561069946842579, 7.202768829171606, 1.844910827715676, 0.39750559724414, 0.03308632988962595, -0.0174180482695113, -0.057896190766205745
0.37572376242216626, 1.087658856289643, 1.6878168516119847, 2.1172581143391325, 9.060175144323702, 5.013746091397638, 2.4316734294405973, 2.2421065629421437, 1.840600597051007, 2.861370854674608, 5.909600495151896, 1.2415059952736855, 0.15039729496238652, -0.06148320965345766, -0.038990046507516314, -0.06186747477629801
0.4968791389445682, 1.4045022210073153, 2.0756297258493714, 2.4258774460222328, 8.127487173420953, 5.913549712460532, 2.617495482677193, 2.225614968579061, 1.657700762444684, 2.140898234348881, 5.795210137577732, 1.33823755799847, 0.21375820434731307, -0.03300401188246626, -0.031995190141402716, -0.05806321182451244
0.7030661187858753, 1.976318052201893, 2.921133228775575, 3.4446496014558354, 12.097362835599634, 7.0474336927492915, 3.5052438751080266, 3.307093363877585, 2.8008517583536237, 4.56459270319866, 7.8687565095571825, 2.1431032144908837, 0.5314721311006939, 0.09134136363738966, -0.002216223105943385, -0.04944754688607951
0.13151367808689918, 0.427045655260872, 0.7862930207273165, 1.1722818646711823, 6.725957146464912, 4.9838896341198575, 1.8357692966558476, 1.3390773137212306, 0.7781581193382274, 0.32671233140740424, 4.214171721541473, 0.6667082110587886, -0.049571852678344096, -0.13208294290993802, -0.05478609522401506, -0.06613229459318581
0.2878001048185921, 0.8448697039347618, 1.3386885283265284, 1.7128560869343692, 7.415420364900927, 5.376215393640967, 2.1777757772332604, 1.728542943770709, 1.1700145302300076, 1.166709617476919, 4.9271672703022515, 0.9692436676894445, 0.06695679001550134, -0.08930236883285181, -0.04510568736584242, -0.0625084810784949
0.6744013417909902, 1.8966586347562362, 2.810394921851115, 3.3308687063179554, 12.134276989604835, 6.090364006122138, 3.377262238868794, 3.3829197937942745, 3.010532712305525, 5.113619958329227, 7.661103085522366, 2.150608550978159, 0.558069015815157, 0.10860566447479168, 0.003035343986952486, -0.04595900484315029
0.5343377794145054, 1.511884506392082, 2.2414031990445045, 2.636957156895463, 9.137914383606939, 6.49233185019834, 2.835124651813007, 2.4286477063459686, 1.8395028041071722, 2.4935049408395624, 6.324927429499599, 1.5055046159599943, 0.2698977332121301, -0.013903303784209568, -0.027989418693143177, -0.05978255024744734
0.3689584126509619, 1.047123600793622, 1.5592086117246209, 1.8388405378468369, 6.191038587517608, 5.612925238456963, 2.087095806080357, 1.550957719488742, 0.9591434120629279, 0.7835778876567208, 4.554415619638143, 0.9630248718657313, 0.09927941721908375, -0.06795527767565548, -0.038809428920574575, -0.059403551864111
0.46524397610952806, 1.3218310345990127, 1.976601566573053, 2.355708371833742, 8.49429029714454, 6.126357952120955, 2.5029028944748926, 2.1150967919257413, 1.6086627091761916, 2.2743542812133657, 5.811549890578461, 1.3447677888496758, 0.22929431617417134, -0.021232090436395498, -0.02831555337855616, -0.05930931032526028
0.28206639800975686, 0.8291975211482742, 1.3148131888084762, 1.6822529803522364, 7.2595573601759185, 5.420093591211323, 2.18774709249381, 1.6990673960590077, 1.1029761127014714, 0.9665697349712701, 4.833973583920711, 0.9524917956168614, 0.056015513749462106, -0.09759137680506567, -0.048141956846383824, -0.0659398444940407
0.6530780129672042, 1.865362418310088, 2.8149704817826566, 3.3989448682113106, 13.168210747431445, 6.26578782739201, 3.4229681201446893, 3.45637712418388, 3.1404659473223813, 5.70488849699716, 8.151025613803174, 2.2146652043363915, 0.545675381290085, 0.09457579503703666, -0.001512468235219057, -0.04784067293911283
0.689913558294887, 1.9453789037402476, 2.871195910130908, 3.362958726274925, 11.729556081473012, 5.845225303996974, 3.3627886771224684, 3.390224573535925, 3.0174977783908257, 5.106957986192596, 7.712327042747805, 2.0635300413277284, 0.49235791838298104, 0.07566021119775863, -0.005575729344598197, -0.04767836706451693
0.3682987689162677, 1.0517242406463063, 1.5836602308220071, 1.895991040995642, 6.679758788156522, 6.062435530251162, 2.196656854264764, 1.6095637758126082, 0.9750029203239671, 0.7252309139278582, 4.744382494452548, 1.0332362500935666, 0.12372882158942967, -0.060699653932918644, -0.037800737684966126, -0.0625167140104952
0.43871579398288213, 1.2377978025722531, 1.8216076583547445, 2.111273217175322, 6.599207160287051, 6.509786083139522, 2.2849386776842993, 1.6452253454025363, 0.9866092082611211, 0.7542050982929085, 4.921485885505571, 1.1141894396337475, 0.15775673579770433, -0.0473850507828234, -0.03471249851119441, -0.061407031879300376
0.3771772823446439, 1.0736555803941532, 1.6105427372735726, 1.9237681334968089, 6.871167357735768, 5.541777312596988, 2.1316161231508577, 1.6834732805240724, 1.161527064942965, 1.3409593668773256, 4.909576906836625, 1.0257686828526194, 0.11265663665264213, -0.06453524953691316, -0.03836905820065021, -0.06278349395022566
0.32459509095332106, 0.9390690006554324, 1.4481523395965572, 1.7874646930661708, 6.808357469787931, 5.499421010184367, 2.076725085408733, 1.60553892672965, 1.0647739709770307, 1.0757716386624017, 4.807019060037982, 0.9307826045825723, 0.06291706086025764, -0.08612204813927388, -0.043539926209813534, -0.06163104218465074
0.032255344100977676, 0.1499291712548449, 0.38314023421492516, 0.7049193330750506, 5.120081113543877, 4.259311537756396, 1.4686401641495899, 0.9244252824504774, 0.34366003065556056, -0.5963024898451469, 3.2312110570062966, 0.3533863291706667, -0.15035207252678048, -0.16449036831472472, -0.06137286178015692, -0.06491018231707436
0.34397837270001985, 0.9917631903170334, 1.522038502503728, 1.8748954337542338, 7.465059817572546, 5.333209639258135, 2.30215445969144, 1.8768584286963756, 1.3019989569354897, 1.4006876374330388, 5.0702347144903515, 1.0593605797117422, 0.10530114686182178, -0.07516770045711615, -0.04207144088123127, -0.06274905602544821
0.503531285921092, 1.4097159474114567, 2.0468020540145684, 2.334257385226704, 7.107323196365907, 6.179406143832372, 2.4273079564379505, 1.9232712899305848, 1.3282560594901072, 1.5327643122340915, 5.320857247443715, 1.2435738967485335, 0.2065683171147492, -0.02703085300691521, -0.029321728964052933, -0.05822950118950195
0.5673441699689662, 1.5855371072591526, 2.2957470000697495, 2.6115208183785064, 7.9654384600033055, 6.6735633289127225, 2.647181925375324, 2.1610106201820938, 1.5640140847982509, 1.9821923229759648, 5.794708320901939, 1.4499196650332866, 0.29529177540028606, 0.010464018523312541, -0.01984013810735318, -0.05458347395025399
0.5462714917661482, 1.5484049314169066, 2.309207622072071, 2.752817171120821, 10.417194716126211, 5.795427878067348, 2.8999008238358988, 2.7621298873530242, 2.3532929357742276, 3.8320503501130783, 6.723001175822804, 1.7182506811955207, 0.3682462709509368, 0.02984658711530419, -0.016310959092324637, -0.053157923196629334
0.49047287002146805, 1.3948371874761925, 2.0916927906641423, 2.501444078383267, 9.15838514339058, 5.8601539055069845, 2.787164726015785, 2.47065770832653, 1.9192934572721285, 2.6515704818860657, 6.268584681335784, 1.4301259115318639, 0.22306791790718772, -0.03724095291805436, -0.03420030897973706, -0.05986238267727323
0.3144068957900519, 0.905973901657307, 1.3838315019207303, 1.6799083412997327, 5.859890219165525, 5.484377612252944, 1.849040954676179, 1.3335997492387697, 0.8107111791832722, 0.6703280828952365, 4.368412413994008, 0.8103193158129901, 0.042164539062379706, -0.08424742381342648, -0.04127167228259487, -0.058098289077522715
0.40297367411037177, 1.1633182653403367, 1.7894094741491187, 2.2095290363603666, 8.713727285391073, 6.121765897137041, 2.5181641598351225, 2.0949194376417672, 1.544348944827291, 2.021261857553155, 5.8424313222098165, 1.252836733550701, 0.16643216602883176, -0.05199530057720506, -0.03636057655109058, -0.06206077150212698
0.7429556093732258, 2.0622983786072466, 2.947537396740537, 3.284595013766007, 9.06161281514554, 8.045780857829694, 3.195928080348339, 2.609492654652983, 1.8894564496249193, 2.3667851403889, 6.662597282622893, 1.864299015574787, 0.46771798590644037, 0.07681045346886821, -0.004746635650293882, -0.05042327157836278
0.4695355847761827, 1.3138577714229402, 1.9035465635947932, 2.1575760183705954, 6.123149395402296, 6.421294338519795, 2.1866543671167515, 1.5718662991924093, 0.9571996193640577, 0.8035521175639232, 4.817423268865829, 1.0826095838626906, 0.16002158593622348, -0.03756495411944077, -0.03013454355039583, -0.05543734119953211
0.568867940537567, 1.62238416373378, 2.44693040119755, 2.9611908816628545, 11.70759857796514, 5.589664468161226, 3.100210571895954, 3.103779735027046, 2.7695190514973786, 4.833509851012929, 7.512938753182487, 1.836715461866684, 0.3612872127092673, 0.011934007530944988, -0.022900852912952182, -0.05591605786920992
0.3847338695410527, 1.1114345384458975, 1.7171521603122626, 2.1403021561539677, 8.922423416755816, 5.282785660398234, 2.46759428788524, 2.2079364384184434, 1.755171144046577, 2.606300450210005, 5.873384056496487, 1.2454547786688235, 0.15448438803917128, -0.05965014506330003, -0.03853032365156664, -0.061163401084365784
0.4136126201711052, 1.18163340343262, 1.783881569404393, 2.151070437874938, 7.982986981602815, 5.710220734997772, 2.404883652275171, 2.013344367395227, 1.4861668079358, 1.9193282327116612, 5.447077322408316, 1.2223030616967892, 0.183770891509081, -0.03791085405577287, -0.03181322498250657, -0.05697472137954752
0.388359344362815, 1.1120716123408552, 1.6844731924605822, 2.0362041592981726, 7.546917559215559, 5.611995474072128, 2.378669734393364, 1.936831015836334, 1.3535369632862733, 1.5042726507343729, 5.269054347426537, 1.1130067516671303, 0.1269098653833132, -0.06411895172228874, -0.03863837754208062, -0.06018023195019144
0.6212485707723295, 1.7363317108514398, 2.515107538725297, 2.86413520620225, 8.916075622391624, 6.61109746048129, 2.9391212835745613, 2.535391266215212, 1.936455630495643, 2.6488848595462073, 6.286778410266762, 1.6629652702426612, 0.3732900785082545, 0.036132797569794484, -0.014884162079099005, -0.05437359970968133
0.6255024579790748, 1.7369199517136535, 2.4782587117156947, 2.7466422797766175, 7.031166699759465, 7.6951635714632936, 2.5548309033247754, 1.8812500352649533, 1.2139469180087197, 1.251780727819191, 5.617222813175642, 1.3981232432112884, 0.30336107798177553, 0.030089541088125872, -0.011055013705135237, -0.042345629271493115
0.5029670953577539, 1.4354320032011456, 2.164676533949613, 2.6104941948911726, 9.875458919799327, 6.388286623146283, 2.8331215779460854, 2.4959015874101147, 1.9738336035815145, 2.931339519189276, 6.579266553684713, 1.536123605646663, 0.26236380787625024, -0.022320989876744954, -0.030854413071717088, -0.06159260834249743
0.72979100572169, 2.0140339211277327, 2.9400596206441962, 3.4585865393418227, 11.834433979268148, 6.646057665697298, 3.3589490579342125, 3.2777411195966, 2.8883027827458694, 4.962569421047609, 7.7930140334647175, 2.1217579902550003, 0.5483126851192656, 0.10944714625522267, 0.004803004528989749, -0.04383695165902751
0.39207105166143774, 1.1260109028847567, 1.7148513248709758, 2.0867668223819793, 7.801769837411084, 6.026418448172626, 2.3626126650244075, 1.8906767524746084, 1.3196683223208625, 1.5382497833336763, 5.40682935440164, 1.1395558632348677, 0.13701489697736932, -0.05940536571142808, -0.03750277435707705, -0.061262384477103755
0.6794344479937579, 1.9019799793077288, 2.8066095732023113, 3.3197027899226863, 12.007474069670309, 6.218625765121992, 3.464164596586471, 3.413204503258301, 2.962027401867776, 4.795168794450276, 7.767506421296714, 2.0883230405553728, 0.49604535688766305, 0.07131111981154872, -0.008045021190380237, -0.05166482976863669
0.37451532097885515, 1.062441509855075, 1.5798052712056285, 1.8580012704221542, 6.128489190646904, 5.903516543492252, 2.0471076981641723, 1.4746064582646592, 0.8890243316227965, 0.6701112565466512, 4.460445921249415, 0.9926612070711899, 0.1338105975592947, -0.04639889432745642, -0.03217593781765365, -0.0562485863245559
0.2691860950205879, 0.8078856837538064, 1.3313288117033615, 1.7948635920558733, 9.18832612862021, 5.038649711029622, 2.3871925012606985, 2.117440990222007, 1.6432733106938124, 2.2548208181500122, 5.6824977114335145, 1.1115212681612363, 0.08027604214518444, -0.09695145291850105, -0.04920489908795004, -0.06789153407415166
0.36090346270709095, 1.0461152015971216, 1.6374968687897564, 2.0841771094495916, 9.277014688726469, 5.011760549697394, 2.517138489415987, 2.3174495901960617, 1.8738593046148146, 2.7582637019399536, 5.936799282724593, 1.2579624313664013, 0.15318435830127916, -0.06166557372665114, -0.03898727611540876, -0.05980516585608179
0.2519035257805586, 0.7514727268904273, 1.2201890211420932, 1.6009501426984933, 7.065898341684165, 5.623233706352893, 2.022129268460898, 1.5109549103054463, 0.9523100877770616, 0.7978374501544055, 4.74157884126949, 0.8536618465947591, 0.024836804533380944, -0.10117707431162155, -0.04694232404252812, -0.063590866069835
0.08548676243766909, 0.2927566079207762, 0.5729743602279966, 0.8927321925074043, 5.351239549095827, 4.370998475435963, 1.5310508334592288, 1.0284627726784137, 0.48464374572477487, -0.2061616769142914, 3.396172943931102, 0.48006414781785933, -0.0792316661242412, -0.12926011974471585, -0.05160150021577954, -0.06259615903907673
0.35104284628822324, 1.0111574994085106, 1.5518577678407497, 1.913848488868118, 7.626121481788733, 5.7666998241655705, 2.2031831915395794, 1.7600591806777133, 1.239669813488592, 1.4979153342071396, 5.152776837070839, 1.0805002014961609, 0.12262792672217403, -0.06573545329551386, -0.04002041509795113, -0.06810909338505583
0.2989172896654658, 0.8556777249647162, 1.295269548639188, 1.5647462781383505, 5.819750082130696, 4.866945709544866, 1.8958228502744288, 1.436748570798172, 0.9011298816279103, 0.7297833621641197, 4.159558978175451, 0.8334970740950994, 0.05455859486279103, -0.08317261629911701, -0.04197542646184895, -0.0600802121214699
0.32059657745592646, 0.9300666063557123, 1.4409368174172434, 1.788486053365584, 6.931694788416455, 5.698399182803611, 2.1435360912818844, 1.6203044638990582, 1.0331932682080707, 0.9169466059241241, 4.838978419044836, 0.9536940666568511, 0.0649713781015669, -0.08954373273181104, -0.04527449955195679, -0.06439464837608085
0.3866409718987212, 1.1107961434468503, 1.6962115582618438, 2.081447203738509, 8.377862700166226, 5.154384170265282, 2.3982412085119797, 2.1264480036232216, 1.6628316700654215, 2.3527822464294124, 5.611583026424076, 1.1939518798031235, 0.14436103535754125, -0.061533497203628704, -0.03878957954109721, -0.061858647004951126
0.6045870951094653, 1.6912229881769194, 2.452101344324572, 2.794214757774324, 8.680500690176595, 6.771083357783115, 2.902003349898887, 2.431404373397383, 1.7961841606271916, 2.3258006536491167, 6.141569265771689, 1.6164349905612059, 0.3543819517281502, 0.02746570676124536, -0.017298375211085095, -0.055084180417174465
0.6289903155696763, 1.7852323357116384, 2.6640265582741574, 3.169781172803683, 11.759773710787904, 5.883456595031746, 3.297560993861307, 3.2778457401829617, 2.8754430390243373, 4.783042147252118, 7.4628061953614635, 2.0223709754697397, 0.4880913801089708, 0.07714039168602574, -0.0046374205198875685, -0.04580953025292999
0.7292676266292858, 2.066226501675174, 3.0780288170075703, 3.659454154527102, 13.517521003083024, 7.837511293177548, 3.689277693925172, 3.4906588557165454, 3.0090304352423933, 5.093765026571068, 8.35684330813818, 2.413323018879109, 0.6555174553493591, 0.1442931189896986, 0.010801307276022588, -0.04786083630855646
0.4285461202579531, 1.209797758533116, 1.7880063959176404, 2.1006273876979598, 7.51726634238594, 4.450785849090343, 2.2336283614387904, 2.0836487891228224, 1.7175025379089262, 2.6154060422555516, 5.277474503906488, 1.1703499454018143, 0.1609151542283356, -0.04750025526455498, -0.034012974993221395, -0.05643099708028591
0.6045101468562808, 1.711804556148571, 2.553920146176888, 3.042598447570582, 11.148892680935306, 6.5230125581666485, 3.1177884388517882, 2.9212279477918717, 2.4740177534311605, 4.093739343366198, 7.3498996272109025, 1.8377969007095507, 0.3863901743588603, 0.027534369452255274, -0.01894849874405224, -0.059405727223276354
0.6979647143217224, 1.91777866836806, 2.830043580777386, 3.4214604227101253, 12.665549661564697, 6.053463785127135, 3.334134975859214, 3.410378791602561, 3.143134122229964, 5.791493179840333, 8.045901376923771, 2.161893163207783, 0.5557799987934423, 0.11005447175356785, 0.004975214315060813, -0.04227544051971584
0.43978539732259914, 1.2458986779210852, 1.846759734070844, 2.1598811059093537, 6.8867348623749285, 6.4708977368671405, 2.3031963065669676, 1.7158033639820176, 1.090115207243679, 0.997533045828772, 5.057933692944048, 1.138516768122874, 0.17631071504855317, -0.032045190671588744, -0.0289126333071125, -0.05566913963297233
0.5959490642159012, 1.9330243325030378, 3.16449937070869, 3.610330552581852, 15.376693358881733, 5.019686183759776, 3.524970464698613, 3.9905403852816264, 3.944772249277862, 7.685851558515994, 8.80304618602486, 2.7181394260417213, 0.7047764087249409, 0.178982718598335, 0.008805507250430238, -0.1005964576338076
0.36174394904207186, 1.0405509880071468, 1.5871432880232816, 1.9300307759382236, 7.0249736391071265, 5.836330995588735, 2.1832170544111658, 1.6822609913914588, 1.1131994154065565, 1.1406183644943102, 5.006006648192735, 1.0060341343302956, 0.09545110931044166, -0.07128084857073479, -0.039485103270924006, -0.06062586974752349
0.4974338052729504, 1.3916666745931314, 2.0159030720441944, 2.2871284954334565, 6.698741120937808, 6.601050749459144, 2.393268382999617, 1.775016500996239, 1.111331875898904, 0.9865693556679795, 5.079155177839007, 1.214465312777304, 0.21059012768857766, -0.02140600516299287, -0.02734660759277524, -0.05715514311678814
0.34688256801005507, 0.979096170907012, 1.4412104233287113, 1.6691764235564415, 5.148548476098836, 5.381230435103276, 1.8874557689820761, 1.3083823846816505, 0.707092844596139, 0.276295890367253, 3.993965316255136, 0.8355760938061345, 0.07272621384428785, -0.07159218114011588, -0.03858095982393625, -0.0588510634259019
0.3903702241722331, 1.130322529957148, 1.747954369308784, 2.174016982296245, 8.852928201916873, 5.815411350759821, 2.520065753718169, 2.1568504925662184, 1.6336145140380984, 2.205122889640438, 5.84786047156485, 1.2589194421919954, 0.1657623317753567, -0.05420159600988598, -0.03727426736806698, -0.06169144050998584
0.35840798701734344, 1.0255678009291533, 1.5510129814770983, 1.8706723129080978, 6.878569133589361, 5.728090257223095, 2.1907104297281492, 1.675267748697769, 1.0829530643693828, 1.0050697654823773, 4.8040252866074376, 1.0334593598995379, 0.11961728248990557, -0.06307716798362055, -0.03850467725530881, -0.06376447260628898
0.37131409036852736, 1.053591692961646, 1.5753969116357565, 1.8857832463364779, 7.176136406489915, 3.9047447819757397, 1.7477780886788175, 1.7072248369626115, 1.575057841101969, 3.1459355744108124, 4.98223766400602, 1.0242954747040116, 0.1290360280759438, -0.045443576066739974, -0.03061818922061221, -0.054713254743298426
0.5232825112227748, 1.4889345443344786, 2.2384322625666373, 2.692069424411327, 10.069920245979198, 6.748411529886779, 2.8416113744995495, 2.4792921500385523, 1.9660929214265632, 3.010443273641072, 6.712760062314237, 1.586656283785322, 0.2885203186427154, -0.009308183715803449, -0.027234970624327195, -0.060090478689497746
0.30120212528587886, 0.8728586711810399, 1.3476788784665907, 1.662510259173228, 6.300331512854569, 5.415374458191816, 2.048040841740062, 1.5153269742417406, 0.9115703481306718, 0.597772988676276, 4.438325590686379, 0.8821866691510506, 0.06181690063321642, -0.08209262329390511, -0.04167506202206409, -0.05879946566193241
0.3788514392732057, 1.079331417909028, 1.6158411459294404, 1.9132820122924603, 6.3052794462155894, 6.243484180898883, 2.20414490590106, 1.5432581843861874, 0.8572838385896602, 0.4182070208046511, 4.702340126963814, 0.9811627351082391, 0.09188631543046308, -0.07639082285830624, -0.04192661323928194, -0.0622768674945705
0.4697199787576144, 1.3147205874023336, 1.909451853911924, 2.1813457849657034, 6.78340036684042, 5.799303953514845, 2.324587882829602, 1.8439383114372974, 1.2658476616175116, 1.4134735009680024, 5.028846196035487, 1.1800274605376797, 0.19044495126372027, -0.03165009511320477, -0.030198537626310976, -0.05832173861436794
0.47683993484131726, 1.3436018604668412, 1.9760752875336953, 2.2975382571439185, 7.579550915994299, 6.098943693275714, 2.4755260041010207, 2.0042559548022947, 1.4160969844006546, 1.683182668245402, 5.473389513876359, 1.25169484281354, 0.193993966444031, -0.036611868073922554, -0.032356136835594185, -0.059808465698795825
0.48318284529794525, 1.3343683102802286, 1.8854186171698313, 2.061387311298875, 5.017419183224092, 6.18230330837024, 2.016711955772275, 1.3602944899905811, 0.739124436352202, 0.42195817276417424, 4.327518217868526, 0.9885638386782128, 0.14567649169473168, -0.03832893997310256, -0.029737545247946733, -0.0542029486451334
0.5762921822452457, 1.6288977569954692, 2.4108297451745306, 2.83147885879368, 9.815785738549746, 6.234350841254492, 2.8792309078986293, 2.62148202654707, 2.1539322977341837, 3.4145926482691906, 6.693668515031232, 1.641457234524629, 0.3329588916938598, 0.01681352844241509, -0.019303814702606784, -0.05564109512086297
0.4972496352640457, 1.4162600671422727, 2.1356195943030167, 2.5883720422839853, 10.394608876171302, 5.198144321557858, 2.7809666810150575, 2.727738147917833, 2.384285256654883, 4.018778041217955, 6.674927573965066, 1.6114587812894046, 0.29837240454289765, -0.00781033384767707, -0.02746706075954486, -0.06055881447347261
0.42756664819920526, 1.204612791043155, 1.773690193841745, 2.0684934443027974, 6.986954432670913, 5.404386674566898, 2.298883410924314, 1.8861241327144358, 1.3343657080624989, 1.5475744779045204, 4.981195482096772, 1.1505760120260435, 0.17589540776408907, -0.03740644455829791, -0.03138104624172755, -0.05772102344865757
0.5780600306036635, 1.6199015694082515, 2.356438398068341, 2.6971493306451855, 8.501857214283596, 6.634864942537166, 2.91271364241796, 2.418242954586907, 1.7349509275682886, 2.0603125910602587, 6.066276195440985, 1.5385765506113274, 0.3056946203562449, 0.0029555115920853127, -0.02385084433160193, -0.05719683073636322
0.4277129968675122, 1.2180884402166896, 1.8260975334141318, 2.176004617347593, 7.645871203082104, 6.710401739605388, 2.5120486098603094, 1.8794259094817658, 1.1779243228806855, 0.9961978309629634, 5.326450082392388, 1.2328766987504358, 0.18386848489000596, -0.04633776895035274, -0.03644134913484805, -0.0657913426664216
0.5709261986597842, 1.6058807725142719, 2.431993411291522, 3.007238127696585, 12.297541408555354, 4.103831737086873, 2.766088197402834, 3.172297386741138, 3.2313829445877698, 6.808830618711491, 7.481373061324637, 1.9772875094667386, 0.4875663494634119, 0.09117652704571723, 0.0029720612062419925, -0.03210085965070783
0.4853220883659036, 1.3566532093622248, 1.964954194967577, 2.2351704302902067, 6.808289484499398, 6.2982143205952115, 2.363229365467133, 1.800688216938413, 1.1752032832257102, 1.1880369675519182, 5.087148022829697, 1.202150206671282, 0.20016048810903328, -0.027147024413943222, -0.028949340445195808, -0.05759366817701347
0.2735075455852772, 0.8176696896821684, 1.3364763373359316, 1.7783846210575323, 8.581408491711224, 5.2625614435338965, 2.3479054308413816, 1.9958902076843985, 1.4649688893026835, 1.7611195283167274, 5.4092401272665995, 1.067349080748183, 0.08532200699427948, -0.0868023040989686, -0.04513907977717902, -0.0629849360876715
0.49972666115035835, 1.3834130760015988, 1.965362832060918, 2.169946578486876, 5.648059495474983, 6.367805950598142, 2.1370579403106595, 1.5074934350410698, 0.8910671808103507, 0.7145125270518837, 4.543907389269056, 1.1163980010138401, 0.20711633676677188, -0.01166491034885616, -0.023177259230848683, -0.05413142531121629
0.6778675587170907, 1.8922344297400087, 2.8271921119623897, 3.4278430156290565, 13.168873341288966, 5.541744394941962, 3.3902557878550104, 3.5875791366252527, 3.371750613355414, 6.2780873425717525, 8.132057498820991, 2.2455105553834662, 0.5848687987492086, 0.119543238596906, 0.0064664471933322774, -0.04003262621216645
0.02572467115102353, 0.12110039256948547, 0.3012344844102521, 0.5234096758839231, 2.9820773352678502, 4.006916123762815, 1.0076950957369946, 0.37288970434585905, -0.16655968575944427, -1.3074449779925033, 2.1264793912489806, 0.19446525424916491, -0.1467701501510992, -0.14566036154808648, -0.05421378058555116, -0.062341512156426776
0.47010457232736136, 1.3279033583758335, 1.9620746700080534, 2.293442202487918, 7.531214356752821, 6.29610049541379, 2.357304093925249, 1.878418133911916, 1.33707341913267, 1.7194613304535074, 5.525847631667854, 1.199519821525687, 0.16776128106797783, -0.044545092310190874, -0.03344231307902827, -0.05958156132011015
0.5044955310866941, 1.425221617364406, 2.10793756820363, 2.474203449618165, 8.546580328005753, 6.392675933088989, 2.640458468891058, 2.213030674724982, 1.646237244659555, 2.186314188276476, 5.934698329628206, 1.4092245549248814, 0.25140440154944343, -0.015184648399478721, -0.02741672218010782, -0.05949746716727029
0.5624465685300581, 1.5355169154748043, 2.1220055486511846, 2.244189744129695, 4.5944469917903366, 6.5268218732764955, 1.988119556534221, 1.3146353774497161, 0.7132736410878024, 0.4497310170721706, 4.274948749261631, 1.0602212215361762, 0.20820756613451663, -0.001372793645183014, -0.018628756272602028, -0.04898160836621747
0.4014783469541848, 1.131371522189317, 1.66007319189973, 1.912885626714249, 5.71646014137555, 6.266180567123431, 2.0351353447361187, 1.3822203124455352, 0.7504241703878926, 0.3600092675823256, 4.463830367882743, 0.9473873472178405, 0.10629064734465897, -0.05996991742098358, -0.036012077904717416, -0.05909232896151397
0.5666628890366366, 1.5731141522941257, 2.250210155312759, 2.512371170084463, 7.026047763636398, 6.701519786528005, 2.6022698868842435, 1.9968145860464463, 1.3061761772712217, 1.2941996915669494, 5.408161175529981, 1.3463142737325862, 0.2529213228512413, -0.010480545306646204, -0.02593235224521519, -0.05757283996513095
0.6571901269046088, 1.829931581515136, 2.6277701290118087, 2.9497796658621573, 8.562435745281507, 7.131566949589222, 2.964121707978601, 2.455158107079166, 1.7925809116738918, 2.2839983716789476, 6.234135622743542, 1.6667588584988122, 0.38952142310279203, 0.0496779359054998, -0.009994387895177426, -0.05049669619252731
0.25893992605730126, 0.7675444267127963, 1.2398715070437198, 1.6317648311959911, 7.880648437444657, 4.211949697878758, 2.096752526087515, 1.9132057261226185, 1.5151816072620845, 2.115729263322812, 5.099151269963249, 0.9334180277439529, 0.038421897455442326, -0.09942688828936097, -0.0464968865551125, -0.05869327666662422
0.37451532097885515, 1.062441509855075, 1.5798052712056285, 1.8580012704221542, 6.128489190646904, 5.903516543492252, 2.0471076981641723, 1.4746064582646592, 0.8890243316227965, 0.6701112565466512, 4.460445921249415, 0.9926612070711899, 0.1338105975592947, -0.04639889432745642, -0.03217593781765365, -0.0562485863245559
0.35940094354478336, 1.0259780288992297, 1.5453584119968968, 1.8544545371104777, 6.712645320822575, 5.612606526986083, 2.206071012679286, 1.684704963223772, 1.0717555125209017, 0.9182704840122772, 4.797795613070783, 0.9923787444913729, 0.09166708694096581, -0.07687493230261973, -0.0420154495476172, -0.0635214696581287
0.2525293968115184, 0.7464606240723147, 1.1934009267163352, 1.538676416689476, 6.647907111326841, 5.527330184483431, 2.076709644622316, 1.504359081677602, 0.8612673344090487, 0.4073720591413049, 4.473000746577821, 0.8528976267813787, 0.03120054813894243, -0.10288249215206, -0.048733616595505624, -0.06570150734225978
0.6316578744733676, 1.769133233868456, 2.600868604834936, 3.0495079961966707, 10.704570487293111, 5.849473709837591, 3.113896744416949, 3.038871589130525, 2.6253554642734573, 4.247581170874807, 7.092683407569339, 1.8599482131540381, 0.42614317631980053, 0.05350691374972613, -0.010417642899363437, -0.05129948574009534
0.3041111584772214, 0.8697791729935282, 1.3156013187196895, 1.5878766931470867, 5.837932317132126, 5.1525289143995705, 1.9289032584470223, 1.410578365183396, 0.8391687715634145, 0.5677815684107989, 4.250169155732421, 0.8194662761207291, 0.03431437046520152, -0.09573003862422913, -0.04578989986953104, -0.06294767061687255
0.547214141945585, 1.561449303091048, 2.36020644680053, 2.868265970638168, 11.581897385381813, 5.02105685337219, 3.0453717117746177, 3.142802817447147, 2.850723038640412, 4.975796873034453, 7.399016591799632, 1.7920114904512592, 0.33394667021104135, -0.0029925491689379293, -0.027074289562783016, -0.05622332012273338
0.6345123136561193, 1.7702610566233632, 2.5646928869813905, 2.9297677539160802, 9.29546006105688, 6.040925258823459, 2.9371755517314346, 2.7049291695722117, 2.213971220212876, 3.359427741831487, 6.524386757160307, 1.694699457761096, 0.38199132331186814, 0.043087164612808725, -0.01182823982390788, -0.05052677955472959
0.6948061036867612, 1.9419484990071665, 2.813240156592466, 3.198527418553471, 9.614512628969136, 8.298397392590603, 3.1284780509944956, 2.543346997980677, 1.8609611913310968, 2.4479225755328495, 6.91278391406589, 1.801575397734238, 0.4132913472596107, 0.04975349499339926, -0.012055067116955386, -0.05822449756882745
0.7122278327228079, 2.0471443024296074, 3.1075963690387054, 3.734281559733349, 14.936214705601884, 5.796224083098043, 3.7144173844525006, 4.029395645476961, 3.8525787025340805, 7.229447745317085, 8.843060393226722, 2.587996206861217, 0.7019246532671163, 0.16109534494556518, 0.01348615175016085, -0.04897140434047559
0.4193072351915977, 1.1962760379767965, 1.8008777136237522, 2.162549636647291, 7.974308160125201, 5.7931424197930514, 2.4426896267919176, 2.0283033441463463, 1.4736919973632943, 1.8345462664619243, 5.503028836810763, 1.2159126809825627, 0.16757862510160002, -0.05017293876301119, -0.03604007178876705, -0.06122624170077639
0.6304419102309226, 1.7520643219023644, 2.6265220250543146, 3.2297542706672915, 12.942423013621784, 5.96079947615649, 3.2977335646329093, 3.365663141668331, 3.0879045797408993, 5.648504490306746, 7.907575588908062, 2.1448676079863684, 0.5342220383367738, 0.09341700463106868, -0.0010585883052500573, -0.046780096453027456
0.698435914381414, 1.997535142514035, 3.0277911142347085, 3.685367497431175, 14.60083635624186, 7.356495604123346, 3.7295803856011753, 3.6771628428934244, 3.3056048233481716, 6.014980196930955, 8.76108495371971, 2.4990284208719857, 0.6607850431549059, 0.13753026986856778, 0.008016370369537005, -0.046410483614311826
0.5709261986597842, 1.6058807725142719, 2.431993411291522, 3.007238127696585, 12.297541408555354, 4.103831737086873, 2.766088197402834, 3.172297386741138, 3.2313829445877698, 6.808830618711491, 7.481373061324637, 1.9772875094667386, 0.4875663494634119, 0.09117652704571723, 0.0029720612062419925, -0.03210085965070783
0.5296924523797305, 1.479461848955283, 2.134889412170299, 2.405769864586257, 6.7777042245644985, 6.968076283826711, 2.443807168628792, 1.7909563456410076, 1.1137862098393772, 0.9872457161715047, 5.236873910895519, 1.256808048061158, 0.22587508242005627, -0.015166710185432662, -0.02579840252912517, -0.05690626238219145
0.3060385302437794, 0.9036894566023704, 1.4468335101942729, 1.878984745540981, 8.504558327990122, 5.965577398633729, 2.353348521393278, 1.890133986882461, 1.3242839177423997, 1.525204551816101, 5.5098863489972585, 1.0904005468390163, 0.09089146065415203, -0.08812813933480079, -0.04685894435347913, -0.07055543920303411
0.2441369701591382, 0.7047459570372678, 1.0792863700434796, 1.313310992851358, 4.697183233955043, 4.856763328468053, 1.6469941158017207, 1.0797035152070371, 0.5073038973723336, -0.0769515649426281, 3.50145794141421, 0.6573884153124647, 0.0035876288946802572, -0.09980027923178382, -0.045878835620243585, -0.06230651867417718
0.3340426968305509, 0.9486826101887632, 1.4206420557049644, 1.6973921351262131, 6.210469801797999, 4.832981588772272, 1.9306982858853416, 1.5518624033499648, 1.0808307510700759, 1.231287008666841, 4.4626070516079315, 0.8986355661373914, 0.07832471921243848, -0.07218758628266463, -0.03895117749345893, -0.05974393351795372
0.7035857759626942, 1.961524748485033, 2.8229976691744394, 3.179404268298963, 9.368978972977757, 8.102240725606231, 3.202479893390126, 2.596944094319587, 1.8580887063347336, 2.276808006489747, 6.714187657478927, 1.826893344430296, 0.4395220068702882, 0.06247132257947729, -0.008689863124934903, -0.055060631244293945
0.29051425428052846, 0.8500569216970134, 1.339981347526995, 1.707136086783281, 7.416890797323213, 4.969290343067078, 2.1441399093377993, 1.775220601169609, 1.2652742987762675, 1.4808488242215692, 5.024570555403521, 0.9298640956699681, 0.028942449203211963, -0.11097028673212134, -0.051460902923966545, -0.06600920433436919
0.08548676243766909, 0.2927566079207762, 0.5729743602279966, 0.8927321925074043, 5.351239549095827, 4.370998475435963, 1.5310508334592288, 1.0284627726784137, 0.48464374572477487, -0.2061616769142914, 3.396172943931102, 0.48006414781785933, -0.0792316661242412, -0.12926011974471585, -0.05160150021577954, -0.06259615903907673
0.6530780129672042, 1.865362418310088, 2.8149704817826566, 3.3989448682113106, 13.168210747431445, 6.26578782739201, 3.4229681201446893, 3.45637712418388, 3.1404659473223813, 5.70488849699716, 8.151025613803174, 2.2146652043363915, 0.545675381290085, 0.09457579503703666, -0.001512468235219057, -0.04784067293911283
0.668222923903155, 1.8517709062210224, 2.635452794846363, 2.917716028427651, 7.743439538606418, 8.107017900682868, 2.772885651226138, 2.0702043285701173, 1.3596219334945838, 1.4739741121698124, 5.981312225106353, 1.5643772777268512, 0.35525211966415393, 0.039611579188574754, -0.011675429228676057, -0.04981508878002677
0.17361821213022177, 0.5376254798229148, 0.9295348230351657, 1.3145024084717, 7.191466423043303, 4.719877601753813, 1.8752677827334019, 1.4930665494611788, 1.0207673919426135, 1.0623395724762041, 4.514816179839381, 0.767517358131093, -0.015473716684797951, -0.1211537707363732, -0.052768568172190146, -0.06760123713090235
0.3887819099820206, 1.1248945578447753, 1.735200617054517, 2.1453008247821006, 8.35400703299894, 6.4026555476655345, 2.49649790221325, 1.9818131887756845, 1.3664250566694542, 1.5166134128503024, 5.66359688953262, 1.1996712624659829, 0.1433895903399787, -0.06459326517506345, -0.04052906935510261, -0.06681617259944347
0.44228046962124223, 1.2454058838133122, 1.8306659041012283, 2.12658379922863, 6.946894144195644, 5.981593241575147, 2.316916924214873, 1.809058578463856, 1.2137505273342801, 1.2701766578405034, 5.0637707671377905, 1.1500935080645334, 0.17001326128204067, -0.042144924799045046, -0.033322743111332494, -0.06209470651256511
0.5265430165945207, 1.4961769488332417, 2.2412865058598146, 2.687760439806026, 10.337612614307671, 6.269153178114622, 2.9410860495130384, 2.67068550996534, 2.166416024350099, 3.2871934950201784, 6.7229617960303205, 1.6602259797398686, 0.321103259391811, -0.000100519339860171, -0.026199634433045686, -0.061560783264782655
0.2691860950205879, 0.8078856837538064, 1.3313288117033615, 1.7948635920558733, 9.18832612862021, 5.038649711029622, 2.3871925012606985, 2.117440990222007, 1.6432733106938124, 2.2548208181500122, 5.6824977114335145, 1.1115212681612363, 0.08027604214518444, -0.09695145291850105, -0.04920489908795004, -0.06789153407415166
0.14739695049957527, 0.44456308218231233, 0.7274765589852401, 0.9476442793338797, 3.7448215243891503, 4.338642165004105, 1.3205890656267818, 0.7355120543776202, 0.19284155827742727, -0.6141224531176174, 2.858051163658705, 0.4040976729768512, -0.08418554331875136, -0.1253322900160165, -0.04961685894142076, -0.058943564313846605
0.44066504657060335, 1.2557127671645592, 1.8890018303861922, 2.271526872487217, 8.548005191099548, 5.99622239976915, 2.5473932423757164, 2.15022227151594, 1.6051845337847366, 2.12591712076333, 5.7933922079323015, 1.3086289361575707, 0.19832824862434134, -0.04017536147971537, -0.03413586150560025, -0.06254093195077502
0.5334906826414244, 1.5146098336811242, 2.259555281245453, 2.6815907551932887, 9.604200069209886, 6.167890459895391, 2.8354599692070868, 2.539172271358917, 2.0328780244509828, 3.061258950539922, 6.525458708131359, 1.552447170708037, 0.28415313500970757, -0.008609830235211504, -0.026744686019778946, -0.060089973357223464
0.342247088585634, 0.9515852023728348, 1.3691198266035591, 1.5424489177186986, 4.299951107087801, 5.732045024561606, 1.6187262615166507, 0.9460378474951721, 0.3671745459032373, -0.21544844638036162, 3.5379658780769065, 0.7564186727205677, 0.07001914737040796, -0.06566773529940981, -0.03631802113583038, -0.05869873581215817
0.3363383040627023, 0.9703281958193645, 1.4878821572135195, 1.8226965144945906, 6.8232065134464, 5.867608447912148, 2.0838658250223516, 1.5661301353495223, 1.0054070587382138, 0.9281240965361527, 4.680131918571945, 1.010034636508213, 0.1311660281599253, -0.04784056390824253, -0.03237561664623792, -0.05667663352045034
0.3037374419594363, 0.8852645548253574, 1.384881512812544, 1.7465895945994814, 7.407788550880655, 5.021683976438737, 2.2064160777973982, 1.829944377866792, 1.2919818267208987, 1.4144736117187782, 4.984738929823449, 0.9749092378266382, 0.06282248558150977, -0.09242600310035737, -0.04602444767845734, -0.06377358997779281
0.3706885226910537, 1.052278377097819, 1.5649475613042843, 1.83625387911876, 5.851790937080836, 6.062417479322987, 2.0637944962491757, 1.4239899778161438, 0.7746881109595545, 0.3301971840758652, 4.4423845356756395, 0.9229093403695905, 0.09068130485791641, -0.06779495492749375, -0.038063282841519774, -0.05912601879909676
0.2564821170826312, 0.7590755768927294, 1.2163225679542298, 1.5722366756956945, 6.786566750396437, 5.357346466003134, 1.956824510580111, 1.4816415153568585, 0.9527640022789845, 0.8584338163209573, 4.557484072102998, 0.8559219292002601, 0.04230804345885617, -0.09180669921631432, -0.04471381431105218, -0.06368181924486643
0.3021669338563892, 0.8796932396361947, 1.3748918506376306, 1.736532747012795, 7.535752626618827, 4.8121353329010805, 2.139309049153504, 1.8283598742311702, 1.36040736378492, 1.726429984851749, 5.044686240680382, 0.9813374564881211, 0.06124761924065659, -0.09491666248056359, -0.04699972640023072, -0.061846389765866566
0.5155556066872714, 1.4306785941247628, 2.042461620963522, 2.2734170416271753, 6.308486846965028, 6.27957289331735, 2.3465780290063862, 1.754453965983479, 1.113667410107787, 1.0349288390773281, 4.9921885476426455, 1.1739656457189145, 0.1880082866191361, -0.03293751258682137, -0.030448954749743014, -0.05637198485574535
0.3892696571235332, 1.103381162457622, 1.6406194266386764, 1.935156791979803, 6.665715602938589, 5.746103004690602, 2.2142317442908763, 1.687216308743236, 1.0831839709885014, 0.9911577069399179, 4.7249027156644825, 1.0789185230944878, 0.15247534117652872, -0.04717342493740618, -0.03424710583235068, -0.060677741575354806
0.3685068623045751, 1.0362663518001578, 1.5186245271546017, 1.7568952120438135, 5.674085692456711, 5.312689469803746, 1.950804470279037, 1.4366341734388381, 0.8825458307756915, 0.7444536257887824, 4.287569670944429, 0.9079681876949532, 0.09032051083605533, -0.06799113173424622, -0.03830792729431752, -0.05990117799601466
0.4390137326506648, 1.2384528650671907, 1.8253675913422074, 2.1283327095549973, 7.037157167797006, 6.199657586650739, 2.353593623886619, 1.7946841345178053, 1.1660652299110836, 1.1366551309188944, 5.059813900486872, 1.1735188377404466, 0.1816987986676452, -0.0383555845260016, -0.032746243653355996, -0.062212164231523696
0.6471424294335383, 1.8199283912781907, 2.6732583275194948, 3.119131369972981, 10.986373327060603, 6.688627694685511, 3.2967471905150596, 3.0502837967066583, 2.50344268816483, 3.7714667556956094, 7.120930666093079, 1.9799116952440583, 0.4873868961670209, 0.07542933707565024, -0.006531599074487364, -0.05247051413163719
0.34358655866910687, 0.9948942137287972, 1.5352703646410726, 1.8957691106049406, 7.246534072175817, 5.764021845365376, 2.2026587990441304, 1.7213010147319778, 1.1566734700666164, 1.190523863344854, 4.987961567489116, 1.0316825383441215, 0.11405451920466057, -0.06114970416501955, -0.03643731201460552, -0.05799388799358239
0.58036093329293, 1.620173963467915, 2.341065404565486, 2.6578459709346887, 8.286467202853323, 5.870275366545113, 2.704123613623994, 2.3932914115246096, 1.8770468162225857, 2.673330119256998, 5.938829428545952, 1.5075348111765297, 0.3116799650166806, 0.01415364571809743, -0.019414638194560678, -0.05451653521534128
0.39207105166143774, 1.1260109028847567, 1.7148513248709758, 2.0867668223819793, 7.801769837411084, 6.026418448172626, 2.3626126650244075, 1.8906767524746084, 1.3196683223208625, 1.5382497833336763, 5.40682935440164, 1.1395558632348677, 0.13701489697736932, -0.05940536571142808, -0.03750277435707705, -0.061262384477103755
0.5174234616376695, 1.4435565329535007, 2.079470092927075, 2.3384879994715586, 6.502162417085001, 6.939418022570652, 2.3688265333532885, 1.6922686275587489, 1.018165043872316, 0.8222096002067746, 5.056052369859669, 1.2191799241749126, 0.21637805280012096, -0.017875233604488564, -0.0262747970540093, -0.05666009948710796
0.3413385638065229, 0.9920105390074876, 1.5420989848625106, 1.924268807842184, 7.624684493376702, 6.183000061129009, 2.268052665237345, 1.724555781922895, 1.129423347549546, 1.1196854596456915, 5.147594190411067, 1.0782929615624515, 0.11695779319676498, -0.06782497962420928, -0.03977291508298403, -0.06208037550307653
0.41303747417331393, 1.1615213118769585, 1.6985587960882629, 1.9503239478484657, 5.818526118392408, 6.1785425460146, 2.102100633392265, 1.4612430475826814, 0.8165672315537515, 0.4508237721067868, 4.480829920385941, 0.9975086479978436, 0.13226330820479235, -0.04961635852780135, -0.033710909318085985, -0.059081968261607914
0.6794344479937579, 1.9019799793077288, 2.8066095732023113, 3.3197027899226863, 12.007474069670309, 6.218625765121992, 3.464164596586471, 3.413204503258301, 2.962027401867776, 4.795168794450276, 7.767506421296714, 2.0883230405553728, 0.49604535688766305, 0.07131111981154872, -0.008045021190380237, -0.05166482976863669
0.49268940796465627, 1.3749969466735565, 1.9842265424205172, 2.2413092622309425, 6.42469233631261, 6.6991225913619274, 2.3340147319595337, 1.670223808432548, 0.9955764799310551, 0.774320542423542, 4.931479627082636, 1.1857262955829246, 0.20224083600011228, -0.02607885346385479, -0.029095541432067024, -0.059122280776545966
0.40378388168971613, 1.1573304526553427, 1.7552023750297578, 2.121514850081564, 7.6891780662552405, 6.420267480033354, 2.4034297810128735, 1.8459836151621867, 1.2206163524417617, 1.2400800293959973, 5.420829703227626, 1.144065268662588, 0.1291891255588741, -0.06879223170314801, -0.041346530673755086, -0.06532521514379597
0.3311433564004831, 0.9561565111666481, 1.4679124866553537, 1.7996707680209187, 6.689212081325904, 5.71116816270326, 2.091972696221382, 1.568262864754279, 0.9960861373495955, 0.878155894660765, 4.756349346048401, 0.9387780645462389, 0.07215137445056308, -0.08070160747964317, -0.041854260050718434, -0.06072687763130689
0.38857459939480565, 1.1196380103519625, 1.7154668544222855, 2.106222968684899, 8.175360256765714, 5.873345114372062, 2.4126116927455374, 1.9954414444890436, 1.4486654679443147, 1.8022335803940743, 5.517693651540993, 1.1915923131633823, 0.16070616789032494, -0.049184916900610894, -0.03490187810828304, -0.05974634640284942
0.49972666115035835, 1.3834130760015988, 1.965362832060918, 2.169946578486876, 5.648059495474983, 6.367805950598142, 2.1370579403106595, 1.5074934350410698, 0.8910671808103507, 0.7145125270518837, 4.543907389269056, 1.1163980010138401, 0.20711633676677188, -0.01166491034885616, -0.023177259230848683, -0.05413142531121629
0.32662236504882386, 0.9488870624981435, 1.474855685672826, 1.8436719333876055, 7.532776738736501, 5.120878906841287, 2.244444370581507, 1.8711289563984899, 1.3444816468717768, 1.575113467174829, 5.087819786258108, 1.0268401215079015, 0.09282540778938476, -0.07624118903136237, -0.0411051617420885, -0.058653780131359516
0.33127601303100634, 0.9416874806590365, 1.406982123328336, 1.6653672577435563, 5.524862799491069, 5.182053524827073, 1.7940614871718354, 1.3186445427657423, 0.8215689775594016, 0.7553197552425073, 4.165989341899893, 0.8192638641584231, 0.0684300069180532, -0.06606702581369052, -0.03530160675511267, -0.054926567525887905
0.30145544366428995, 0.8844923804038561, 1.402499267746552, 1.8067013063478303, 8.39371405504578, 4.4352154671761115, 2.296427672982823, 2.1089406947724556, 1.6766391676050127, 2.3375008167091567, 5.429310982638081, 1.0700640114192588, 0.07166018833299746, -0.09919434039269065, -0.04941387481562642, -0.06230369964897632
0.31820946770607156, 0.927299707093343, 1.450183349349039, 1.8287361888923008, 7.7540980658916885, 5.100475563193231, 2.3001226694615524, 1.931957145010155, 1.3869120731611053, 1.5948867468059622, 5.19868223865575, 1.0294606727648299, 0.07197103862685873, -0.09355548784821094, -0.04707364299833975, -0.06258164095927285
0.404355865773511, 1.1185674120702307, 1.5875348129050866, 1.7444616201966314, 4.1467447082835465, 5.5455368108162135, 1.662330733209575, 1.0670385102969162, 0.5303406762289565, 0.15942117027894367, 3.692157599284347, 0.7898304235926584, 0.0967404669780052, -0.04443166419822406, -0.028524114650539643, -0.05090676741816939
0.4094936061989622, 1.193663045272434, 1.8706359013398441, 2.373980413151552, 10.539568966081601, 5.248530499275148, 2.7926501176785217, 2.6635150014686455, 2.238299454530459, 3.5238358818889797, 6.611029797385747, 1.4769489268949385, 0.22213516535002595, -0.040409206355318285, -0.03489772633136897, -0.05904881120918266
0.42177146892916384, 1.190127085096568, 1.7609745980837674, 2.0693630591870913, 7.188567095502601, 4.9032148708230485, 2.2607980629995734, 1.9731520576505464, 1.5068010238150549, 2.026081612873449, 5.142464781891759, 1.1260257935244398, 0.1510482771595832, -0.04797389295420998, -0.03336805158052011, -0.05476109937638175
0.39921958903178284, 1.1181521053578904, 1.6260568827392479, 1.856980044779809, 5.574606797618296, 5.745753691862911, 1.9985622113273154, 1.4168531451393953, 0.8238089310932736, 0.5588755436126527, 4.33863746125257, 0.9485027834358428, 0.10460116125712994, -0.0670594720315073, -0.039803130888798596, -0.06645265595429732
0.3631120032005608, 1.036658179936601, 1.5613787127922263, 1.870668893206581, 6.559540779330912, 5.506343594207288, 2.0956842105266054, 1.6194613244656486, 1.074334399461933, 1.0982770410211997, 4.7463557683997575, 0.9702939725758383, 0.10211913196809168, -0.06088198584212906, -0.03519841213007914, -0.0534366972478915
0.6413621249165766, 1.7618350420557953, 2.464709896063628, 2.65498434714718, 6.056492707700844, 7.448743442622931, 2.4526564207401944, 1.7302788315594873, 1.032453756748597, 0.8637931260023308, 5.2713269418911635, 1.290506686637035, 0.2529457049812437, 0.002104142118270564, -0.02017308468508138, -0.05212600069938976
0.33840315037418706, 0.968973154902365, 1.4679470451217898, 1.7750492590088587, 6.5772671958953985, 5.06257978616857, 2.049818359761266, 1.6434100868631518, 1.1332144240564397, 1.2535709617257997, 4.630470764951938, 0.9515355759754712, 0.09937995657991079, -0.06134734210984733, -0.03540371287963479, -0.05566528641901623
0.39308224264132413, 1.1198006763072177, 1.6810599402668356, 2.007883631753228, 7.089266073170688, 5.695712605472643, 2.1925537115229523, 1.7393962988152984, 1.2122524611008927, 1.4534697745241738, 5.046074794282968, 1.0744183020842712, 0.13356276435899986, -0.05353972302549579, -0.03473744197302017, -0.05804607119945491
0.44957255196912954, 1.2688807326961888, 1.8702476738184708, 2.176088793164867, 6.993690793362804, 6.487604836926279, 2.4118949572521844, 1.7892901779476735, 1.1124587421600924, 0.9317732995473639, 5.19281262241368, 1.1470655248108026, 0.14856015291342156, -0.057379815479653366, -0.038014946063615614, -0.06269537992033758
0.30120212528587886, 0.8728586711810399, 1.3476788784665907, 1.662510259173228, 6.300331512854569, 5.415374458191816, 2.048040841740062, 1.5153269742417406, 0.9115703481306718, 0.597772988676276, 4.438325590686379, 0.8821866691510506, 0.06181690063321642, -0.08209262329390511, -0.04167506202206409, -0.05879946566193241
0.4341365160656937, 1.2470816824772288, 1.9008580518155476, 2.321111556699397, 9.047070258378652, 5.733731442927196, 2.6775771776380104, 2.3526221916597394, 1.8062380823974056, 2.4321655243408853, 6.016944946019649, 1.3560044048755735, 0.2079944284298333, -0.036201126612219484, -0.032383184495281055, -0.05717977963374401
0.38864372603707764, 1.110856369538894, 1.6819739183063265, 2.044925701944828, 8.141022385344808, 5.467449179332796, 2.4469067017259802, 2.071054914541081, 1.5204424158600456, 1.882811435751838, 5.435062235353359, 1.2096790633553838, 0.1557517099579193, -0.060287086186607476, -0.03942435860079353, -0.06207413254002468
0.5683759971083057, 1.6002580536446231, 2.349358860990036, 2.7251906577633385, 9.01012299720381, 6.871147765741967, 2.9311667741546663, 2.443312191092132, 1.7839429699889728, 2.2340226605431117, 6.2703413550053675, 1.576639411635408, 0.3152101444473143, 0.006219120606255718, -0.02316092802570971, -0.05855494553374005
0.4209327320967177, 1.2068239689336782, 1.8326529847199293, 2.2231519988748816, 8.223755191899171, 6.236349025855034, 2.398781369817302, 1.949602417708998, 1.424418356834854, 1.905687836221393, 5.641638454279293, 1.2385650936274686, 0.17674848147310757, -0.043756709056657454, -0.033727316499059704, -0.05965296321489191
0.4020157873050336, 1.1634591844985827, 1.7976402087021486, 2.2318135050267207, 8.902762193060513, 6.496567211800791, 2.6335334978366745, 2.135682238441824, 1.508845868437687, 1.742712718406201, 5.901703064413495, 1.2944587144928372, 0.17793173974829726, -0.05229818270957383, -0.03762604515833457, -0.06304707685713416
0.3344384610701311, 0.9676966263065017, 1.4923489450264111, 1.8451680803642725, 7.336550842957322, 5.268797126742846, 2.290409866548461, 1.8687871123623987, 1.2837786393846855, 1.2965755618450445, 5.048003256673458, 1.009446878332644, 0.0792775184730471, -0.08477331004292724, -0.04387073313945028, -0.06171239982984216
0.5870828808552871, 1.6886080202280838, 2.5852788628717103, 3.188980275990104, 13.432596318992696, 5.014485750460229, 3.1176330917392274, 3.4141038389193126, 3.343398233574336, 6.697927374007071, 7.963443807920103, 2.183668926040878, 0.5472956740360292, 0.10164295600804771, 0.001814685378659376, -0.042476532796894444
0.25893992605730126, 0.7675444267127963, 1.2398715070437198, 1.6317648311959911, 7.880648437444657, 4.211949697878758, 2.096752526087515, 1.9132057261226185, 1.5151816072620845, 2.115729263322812, 5.099151269963249, 0.9334180277439529, 0.038421897455442326, -0.09942688828936097, -0.0464968865551125, -0.05869327666662422
0.2519035257805586, 0.7514727268904273, 1.2201890211420932, 1.6009501426984933, 7.065898341684165, 5.623233706352893, 2.022129268460898, 1.5109549103054463, 0.9523100877770616, 0.7978374501544055, 4.74157884126949, 0.8536618465947591, 0.024836804533380944, -0.10117707431162155, -0.04694232404252812, -0.063590866069835
0.30226054192574753, 0.8785115466123694, 1.3658179355662692, 1.7048993452132772, 6.818952075986662, 5.53871528484195, 2.1105715174338067, 1.5910872095904773, 1.0011012874314984, 0.8264215537534, 4.713811478674883, 0.9235965228716052, 0.053557481769719015, -0.09595903555635554, -0.047476935749881086, -0.0661157672538016
0.04789472998308421, 0.18941267969463382, 0.42745809945047686, 0.731065994578389, 4.764457344777805, 4.341176264866233, 1.3712469708072808, 0.819743466215402, 0.2639210336590387, -0.6262692812792983, 3.0121049254887926, 0.3786643497988983, -0.1108563798993583, -0.14121397384308232, -0.054750410009856726, -0.06424796313925567
0.6778675587170907, 1.8922344297400087, 2.8271921119623897, 3.4278430156290565, 13.168873341288966, 5.541744394941962, 3.3902557878550104, 3.5875791366252527, 3.371750613355414, 6.2780873425717525, 8.132057498820991, 2.2455105553834662, 0.5848687987492086, 0.119543238596906, 0.0064664471933322774, -0.04003262621216645
-0.11329455524656984, -0.2605256074729009, -0.21568994656142731, 0.034509040999310486, 3.772552145325282, 3.307082789018629, 1.0285486615872093, 0.46749066772796904, -0.10445617010862902, -1.498809670689353, 2.171574484626167, -0.01804023439696314, -0.2855521835422621, -0.21404723850570756, -0.07277937797225814, -0.06903915273770174
0.37572376242216626, 1.087658856289643, 1.6878168516119847, 2.1172581143391325, 9.060175144323702, 5.013746091397638, 2.4316734294405973, 2.2421065629421437, 1.840600597051007, 2.861370854674608, 5.909600495151896, 1.2415059952736855, 0.15039729496238652, -0.06148320965345766, -0.038990046507516314, -0.06186747477629801
0.3351352838025643, 0.9664764717384465, 1.4818529619836365, 1.8180987533176587, 6.981879261248306, 5.543548742457777, 2.2139403228631327, 1.7184269595480535, 1.117646354808873, 1.000287384423991, 4.853924011152078, 0.9909218209717452, 0.08544647465229681, -0.07997957681868328, -0.04263615985481909, -0.06251217825011768
0.2380337342947174, 0.682382317287808, 1.0355047731944114, 1.2524396478382505, 4.554684449740508, 4.672750559770292, 1.5808939357012637, 1.0343264834568042, 0.48566793915434786, -0.04302851673302357, 3.382946676976354, 0.6327464470201624, 0.0025520308891918276, -0.09622731413670749, -0.044025437267583754, -0.0605181709460353
0.41006489351895303, 1.1880267879126345, 1.8404610057322752, 2.2954703917703574, 9.415122475047756, 6.052665195084793, 2.594996849961705, 2.2502172725939626, 1.7528590103659556, 2.5332799094121086, 6.106113618902532, 1.3728358961796734, 0.20676986794414814, -0.040447675748383594, -0.03435040539526016, -0.0600271741029045
0.39207105166143774, 1.1260109028847567, 1.7148513248709758, 2.0867668223819793, 7.801769837411084, 6.026418448172626, 2.3626126650244075, 1.8906767524746084, 1.3196683223208625, 1.5382497833336763, 5.40682935440164, 1.1395558632348677, 0.13701489697736932, -0.05940536571142808, -0.03750277435707705, -0.061262384477103755
-0.10532345065826018, -0.234151605156974, -0.18155972061879588, 0.031189875027557105, 2.4541545981728508, 3.2395576870571947, 0.7409329713342593, 0.1251303000906179, -0.4005224610990452, -1.787202858050108, 1.5794793794859174, -0.07228746424409349, -0.2756527597495861, -0.20744332353107878, -0.0718090390981653, -0.07494724117510163
0.27658434722279623, 0.8127723368478927, 1.2879189080406452, 1.6464824850459803, 7.116977961719622, 4.965895511476536, 2.1276853709738766, 1.7223947509961868, 1.1755564373557534, 1.1794352301077025, 4.798965790094935, 0.907506021611215, 0.03675852362794627, -0.10342274650543047, -0.0488805151823648, -0.06291077395849497
0.3592957577945047, 1.0443010079785318, 1.6231962589371083, 2.024465550355322, 8.023130769274768, 6.114546909820491, 2.3591715985000374, 1.873710957290159, 1.296693705839071, 1.4516627963822466, 5.419802799548545, 1.1257280696636924, 0.12681074133532863, -0.06544159114994566, -0.0394755292400143, -0.06307314459882228
0.4254114430216897, 1.1939541200576822, 1.7407336260141921, 1.994700900598374, 6.084943656105021, 5.610331910822916, 2.1263784057655326, 1.6186124561745505, 1.0488582624045586, 1.0211825220414905, 4.678112818803288, 1.013862069048668, 0.12641056640088863, -0.05347887697014059, -0.03452744644572314, -0.05822598139017959
0.3401369601860502, 0.9819948934376037, 1.5085537812777565, 1.854698247775277, 7.105144599499741, 5.629764528344736, 2.1964756586490743, 1.7091553389161322, 1.1363181430955136, 1.1248159595405023, 4.962472095857675, 0.9952405638701256, 0.08429170321230434, -0.07981753165900632, -0.04240060826452187, -0.0623144733120045
0.3721895932271711, 1.064097312033068, 1.6017173409058407, 1.906951217336492, 6.3343774201696075, 6.294578021137134, 2.2042285662240495, 1.536955681187333, 0.8487250458344405, 0.3719732610207075, 4.6932509524273565, 0.980587201601448, 0.09483696378478826, -0.07314188942032677, -0.04059759104100858, -0.0611900805068705
0.26592766339323565, 0.7950139717643582, 1.2952155452412217, 1.705659383557294, 7.666942129698294, 5.706770202070011, 2.196092766703681, 1.7007897636996665, 1.1164052701849854, 1.035313424979805, 5.055588508443754, 0.9559663261093724, 0.040884887980135155, -0.1091490661586721, -0.05225390388311549, -0.06884684574331236
0.58036093329293, 1.620173963467915, 2.341065404565486, 2.6578459709346887, 8.286467202853323, 5.870275366545113, 2.704123613623994, 2.3932914115246096, 1.8770468162225857, 2.673330119256998, 5.938829428545952, 1.5075348111765297, 0.3116799650166806, 0.01415364571809743, -0.019414638194560678, -0.05451653521534128
0.38546679043395765, 1.1043007110120997, 1.6778687717604248, 2.0459439236954866, 8.109089593238092, 5.174238473957414, 2.381768127051183, 2.0764357606006074, 1.585448845771821, 2.1399283730725043, 5.486754427612381, 1.1655932024862612, 0.13524138828065613, -0.06551646954237995, -0.03987445936480266, -0.06159249257117791
0.6212485707723295, 1.7363317108514398, 2.515107538725297, 2.86413520620225, 8.916075622391624, 6.61109746048129, 2.9391212835745613, 2.535391266215212, 1.936455630495643, 2.6488848595462073, 6.286778410266762, 1.6629652702426612, 0.3732900785082545, 0.036132797569794484, -0.014884162079099005, -0.05437359970968133
0.383156683255803, 1.1009936762075898, 1.6815037247986864, 2.0622803128320233, 8.219484779555136, 5.714172906190862, 2.443802049424955, 2.0387784477249946, 1.4782268808284418, 1.7986201133765458, 5.548174663068956, 1.1732109751169548, 0.13289030849057026, -0.06935341289627245, -0.041724276691565546, -0.06644647291181861
0.3367837471119244, 0.9704558406757894, 1.4904772464157126, 1.8401881005641725, 7.4021698502155, 5.135632768421773, 2.198355767236849, 1.827396380531451, 1.3181741613316873, 1.5863151178364538, 5.064839288443135, 1.0169026581583356, 0.08481774750898045, -0.08279883429880253, -0.04378775211387073, -0.06447321239736427
0.450361637924457, 1.2844899092408004, 1.9324900431882468, 2.318074462789804, 8.46700860136911, 6.1864529718934955, 2.633474232252354, 2.1873668976006804, 1.5777330530704676, 1.8945088777798103, 5.806502355243456, 1.3167547466568181, 0.2034862517760513, -0.03583669690107304, -0.03215348205523481, -0.05701461773854834
0.729104285456512, 2.0619253842355127, 3.0636610828749844, 3.607721964280673, 12.932020620077443, 6.490589030997958, 3.5768033484860045, 3.62155125934286, 3.2547678028271734, 5.544496882771247, 8.083754338823944, 2.3449488279820665, 0.6474085183375965, 0.1531539750000136, 0.014847485538779346, -0.04339062079277183
0.22085001700674556, 0.6528561379118549, 1.04822493968586, 1.3686022624690057, 6.504950800755862, 4.0519983329227385, 1.870194686085896, 1.5776065180711991, 1.1213805855956342, 1.2147675291722717, 4.309546137051435, 0.7667959947996463, -0.0033904019731391274, -0.11291458837169499, -0.049812762350192816, -0.06163635048479048
0.8081480605303943, 2.2451511033419957, 3.3075145890553186, 3.925303198708012, 13.948315539668474, 7.715416692001962, 3.932271449416714, 3.8021856606166797, 3.31325108104602, 5.6219664909736435, 8.930411302796998, 2.484336725595168, 0.6501919992982912, 0.13197930639710612, 0.006591895711233497, -0.04859796009513402
0.06350593673579936, 0.23332680149576568, 0.49871230946173206, 0.8436909784503404, 6.175685953381329, 3.5722599820535392, 1.5779224500132025, 1.2719261089989997, 0.8289394699013269, 0.6061189798154266, 3.7339374928248503, 0.49982135053632254, -0.1052137483326726, -0.14536018467146775, -0.05522787885723082, -0.0571283103891861
0.5308749199678353, 1.4856400171494988, 2.152947146112931, 2.4404654213372354, 6.851176348086416, 7.841086593177666, 2.340992450476974, 1.6008933433376837, 0.9304127835830176, 0.7259840849487491, 5.237719870763116, 1.275962805152712, 0.250804093789792, 0.0013250768738453569, -0.020960314183934004, -0.058357804362618185
0.44956585008654654, 1.244716605973431, 1.7685946840527391, 1.9510633233875387, 4.933921665653636, 6.181809591701244, 1.9546695951725528, 1.2775174154801516, 0.6480453118479254, 0.2248938182830415, 4.127333392480301, 0.9621439293702949, 0.14568913777660145, -0.03688293903081433, -0.029544724656690117, -0.05697112903800111
0.23720810419287253, 0.6669319797907103, 0.975231196153638, 1.1174488232936706, 3.1626504024790405, 3.851332236966989, 1.2019127366249078, 0.7595831266620793, 0.34474968408234447, -0.02306937590995262, 2.786554685623424, 0.45292010426173573, -0.031096164755737652, -0.09274857619781061, -0.03975639377279199, -0.05428550949113136
0.334201947919994, 0.970324646367551, 1.5068122366702181, 1.8804776516508481, 7.582011186631919, 5.56804497162481, 2.246053116901412, 1.8032163132398198, 1.2542511596090924, 1.4170750171393949, 5.132510900680032, 1.0481812126100645, 0.09811577406207779, -0.0776420789559843, -0.042560367289130305, -0.06201103917385941
0.5489217584315363, 1.5222507721161145, 2.1701717243943985, 2.4079052955781135, 6.429060065833781, 6.895134339030839, 2.3626415183209537, 1.7168350125755936, 1.0685983862540689, 0.9981834291002254, 5.164373324832829, 1.2186287989341869, 0.21129585800111517, -0.01992982956730914, -0.02670097690703475, -0.05680003582003791
0.4787598737491102, 1.3729972262080652, 2.0885344263953725, 2.546046620594273, 9.819376855594932, 6.5144609631505075, 2.8360388425722873, 2.4497185263172776, 1.8861759114269905, 2.6501688732833415, 6.4787309273643, 1.5063298446053424, 0.2586745135682245, -0.020720161811470655, -0.029920974357592903, -0.06022197151386412
0.30727791850818614, 0.8843006103391832, 1.3494264097704607, 1.642133047906499, 6.115089687648977, 5.221980746529397, 2.047239195555508, 1.5149700060279867, 0.9052826974812163, 0.5917194102955488, 4.386182038328738, 0.8695765930206621, 0.043470836342966626, -0.09739553943603917, -0.04720151604377995, -0.06261762319527725
0.20121764762099562, 0.6168496567407146, 1.0434763082152458, 1.4278374566816403, 6.880177226446074, 5.4723408246243155, 2.0621902035037616, 1.4927145800572947, 0.8459363005769364, 0.30629988850566925, 4.492157301663761, 0.79085507147734, -0.002497962501210401, -0.11495649854928638, -0.05073189761035861, -0.06201870719671896
0.3062212353475359, 0.8918578950438211, 1.3883894003376434, 1.7284774972567798, 6.62733902216085, 5.978850714326605, 2.0604877363609044, 1.477444011615182, 0.874550096735148, 0.5512526453584171, 4.533729846084452, 0.9516177416173949, 0.10380199475639879, -0.06077912283593548, -0.03587349056730065, -0.05748946630834346
0.10859706385104176, 0.3503048102526878, 0.6441920965736594, 0.9706894095556097, 6.0966266147075325, 3.32406751232269, 1.5283212265058015, 1.3114768230429952, 0.9554957797712049, 1.100151789178825, 3.861709318732225, 0.5277803830497396, -0.09029505393549543, -0.13837168541769299, -0.05374973013502935, -0.0596673392889802
0.21358161937129727, 0.6459414759010053, 1.0755395475507494, 1.4608880179199923, 7.442929795650371, 4.769499047166773, 2.027282742403053, 1.6556392525208043, 1.1570715157723868, 1.2554363860490205, 4.770334963926262, 0.8534128614303672, -0.004015234016681234, -0.1304815911471256, -0.058449172902952484, -0.07394300105859003
0.6506439759816558, 1.8160833004572174, 2.6489843420070183, 3.0683826451943337, 10.181155320085892, 6.242248597536902, 3.0553193069468487, 2.8677933148549357, 2.413772792499904, 3.865317492325288, 6.914674034800929, 1.832443882613129, 0.4348552680120993, 0.06322845563997717, -0.006981097500328804, -0.047172007836736946
0.4122334432629256, 1.18027911498599, 1.7868399308171425, 2.157526826901532, 7.909997141269571, 6.157677953145934, 2.4679054693170763, 1.9722156834999545, 1.3608064313730894, 1.500981116145602, 5.4611631615121965, 1.203397045776167, 0.16634436339105546, -0.04858787470894392, -0.03519585613584375, -0.06066551286768261
0.37451532097885515, 1.062441509855075, 1.5798052712056285, 1.8580012704221542, 6.128489190646904, 5.903516543492252, 2.0471076981641723, 1.4746064582646592, 0.8890243316227965, 0.6701112565466512, 4.460445921249415, 0.9926612070711899, 0.1338105975592947, -0.04639889432745642, -0.03217593781765365, -0.0562485863245559
0.3847338695410527, 1.1114345384458975, 1.7171521603122626, 2.1403021561539677, 8.922423416755816, 5.282785660398234, 2.46759428788524, 2.2079364384184434, 1.755171144046577, 2.606300450210005, 5.873384056496487, 1.2454547786688235, 0.15448438803917128, -0.05965014506330003, -0.03853032365156664, -0.061163401084365784
0.3798222137129036, 1.0863513470988106, 1.6396096204134676, 1.9657432792355434, 6.775492825892442, 6.084047441214989, 2.1362262548035904, 1.5948825021925814, 1.024893067052043, 1.0075932831402619, 4.894967511082858, 1.0199957272089177, 0.12030582140458271, -0.054910639237182424, -0.03436585803737032, -0.057777017768909714
0.14725050705510265, 0.4604035111358536, 0.8044435713473521, 1.1413844641592177, 5.992970491250844, 4.403473853379294, 1.6679417094179552, 1.2456607454922455, 0.7555443077197601, 0.4943829470524632, 3.9635892702875073, 0.5873094738804342, -0.07003065128527106, -0.1356268151667718, -0.05479422925107494, -0.06588844683633589
0.18647591543124906, 0.5735793124791577, 0.9809822719173025, 1.3692521816601226, 7.192868349546722, 4.434041970579315, 1.8755530281227322, 1.5577406549983022, 1.1233762711446182, 1.3476888190234186, 4.633547432927102, 0.7589814301876964, -0.02838220432249256, -0.12713874549772675, -0.05396999301449304, -0.06493722720376736
0.5157665419199269, 1.4497283205161464, 2.121645000992757, 2.4482606767122035, 7.790017984349819, 6.7252945474042445, 2.5968679192968125, 2.0424335735345127, 1.3969154663319663, 1.557101202052551, 5.6449576979229725, 1.3442868736294369, 0.23631951512732705, -0.019440550007349386, -0.028487314549184267, -0.061805303724704684
0.4005019640379976, 1.1313522549119785, 1.6711974004654162, 1.951822428499323, 6.4121199349219085, 5.888773488775161, 2.142289424592522, 1.5950607817475186, 1.0052456247269028, 0.917871022882785, 4.728162291907945, 1.028313440176895, 0.12881844509734477, -0.05435023154679218, -0.03518411725931447, -0.05924932643742685
0.6243749482612699, 1.7773919043814075, 2.6767261551734283, 3.2354159058843694, 12.838386403979491, 5.714197465558908, 3.3029659166380374, 3.415837922187174, 3.146665446302563, 5.6823636318405875, 7.83082881638038, 2.1593235814018463, 0.5391355562301288, 0.0953459059398978, -0.0010205558365844192, -0.047609475546594816
0.5549006064087636, 1.5533866775527965, 2.2536628080288197, 2.5640963963527437, 7.647637016717854, 6.857259780248819, 2.6678282880557926, 2.0884393305780558, 1.4140478090956834, 1.5348974214947677, 5.708412560639947, 1.3793962545092695, 0.2514129167456802, -0.012734914899603397, -0.026470525708886743, -0.0579624936270265
0.6794344479937579, 1.9019799793077288, 2.8066095732023113, 3.3197027899226863, 12.007474069670309, 6.218625765121992, 3.464164596586471, 3.413204503258301, 2.962027401867776, 4.795168794450276, 7.767506421296714, 2.0883230405553728, 0.49604535688766305, 0.07131111981154872, -0.008045021190380237, -0.05166482976863669
0.3450909960701029, 0.9938819021441715, 1.5187705428827194, 1.8506820768545216, 6.781512021639009, 6.434463923890456, 2.192709221565009, 1.5242582632380848, 0.8552226964633532, 0.454390814220301, 4.773375544395095, 1.0045244045331685, 0.09968162043765078, -0.07522040307781412, -0.042404888649925254, -0.06639584933415427
0.6586032049615901, 1.9177865482322296, 2.944300608467059, 3.58603830029378, 14.863092073718478, 5.510937052187367, 3.506819048633425, 3.843928382478599, 3.7504607811611934, 7.417260405595094, 8.689128574937659, 2.5131233661602366, 0.6718349703281931, 0.149791226797988, 0.011394592948833285, -0.043832850229081954
0.3849729783827087, 1.105248662362984, 1.6854106221929925, 2.0595893102615737, 7.876849077628484, 5.615663033794091, 2.20004101517715, 1.8420490069353024, 1.4042619670179624, 2.067990743008531, 5.436363925294427, 1.117166545539229, 0.128867567874969, -0.05981121390810553, -0.03690584785634258, -0.060568668846848236
0.3788514392732057, 1.079331417909028, 1.6158411459294404, 1.9132820122924603, 6.3052794462155894, 6.243484180898883, 2.20414490590106, 1.5432581843861874, 0.8572838385896602, 0.4182070208046511, 4.702340126963814, 0.9811627351082391, 0.09188631543046308, -0.07639082285830624, -0.04192661323928194, -0.0622768674945705
0.18053578669422557, 0.5519744338500056, 0.9357746722008796, 1.295844150691397, 6.81062299499809, 4.50328728997244, 1.8734212764208074, 1.494215070254868, 0.997895810493539, 0.9351400386040775, 4.433603501380318, 0.7127798143496704, -0.045808168602522896, -0.1359967095278315, -0.056819990594864214, -0.06940645084814802
0.5460858192424775, 1.5471222235272746, 2.3098606962059196, 2.757204234969381, 10.320261736038544, 4.978347648290459, 2.7422520788312474, 2.7748064919434894, 2.519484326203747, 4.55018466029166, 6.781493028372098, 1.6645155034722294, 0.34053988194877893, 0.020969541234350037, -0.017609028487047963, -0.05136780154934199
0.5598780821227961, 1.571173483140198, 2.3088434328058156, 2.6943617749648885, 9.15972934623377, 6.674622971650585, 2.999904256743092, 2.5331476887040685, 1.8522955492517224, 2.2611035731472215, 6.261624830705991, 1.602323268736156, 0.32583997779092094, 0.008681599959982052, -0.02286837293324932, -0.05769345014147144
0.6202400581203714, 1.7487250623294919, 2.581559888229448, 3.0277773381729594, 10.655477006301423, 6.096399412628966, 3.139917816710909, 2.981846844284143, 2.5112347290279957, 3.984238422496296, 7.1778102990366826, 1.8030244725230542, 0.37257721633732904, 0.02056782654582978, -0.020852054597198914, -0.058016501359713236
0.4336254736520347, 1.2638669317893843, 1.982199608408539, 2.5209765283498142, 11.259427273243972, 5.6073150450284235, 2.8621265791024384, 2.733982808808299, 2.347232471185198, 3.968065225727309, 7.014312975435001, 1.5848409424825323, 0.2491376225548361, -0.03584291825434062, -0.03512100411300054, -0.06221251483199727
0.40019793634226825, 1.1446829935071379, 1.7310612490456243, 2.0908767029726083, 7.849056536384379, 5.880351274257049, 2.4461694871760837, 1.9814073914290484, 1.380808887640679, 1.54016416712899, 5.387490103785402, 1.1835309295168752, 0.15182338690739422, -0.059488389481521076, -0.039220499261747664, -0.06575766004036027
0.11780411873936537, 0.3780594363776865, 0.684440851692305, 1.0001737036570522, 5.351769157929969, 4.35912868815621, 1.52838543404978, 1.0560991705294778, 0.549060304161166, 0.05411403221884003, 3.615257839576827, 0.4764445626782824, -0.1057213589322426, -0.1481444382698781, -0.057798495616965095, -0.06701891642843102
0.38118900017320845, 1.0790602234451174, 1.5993840160871198, 1.874988860806629, 6.133460754829965, 5.902757663978003, 2.1077373191115196, 1.5119326607760697, 0.8898058354428517, 0.6252299147179258, 4.552510219145188, 0.9779614461279351, 0.10975840279028962, -0.062050677211530465, -0.03700149984435711, -0.058724993116529255
0.4569456716686271, 1.3093590495947083, 1.9874035975469038, 2.413890411630261, 9.222789752271721, 6.287036285734795, 2.6920698987324703, 2.3014712545236287, 1.7485686953091586, 2.3912256180507447, 6.096131266783685, 1.4330396959194607, 0.24730577382166544, -0.021200102315744825, -0.029577698153887288, -0.06007635305409387
0.5696973120962003, 1.6215921826860864, 2.4849433229027262, 3.104596593551091, 13.34148868963649, 5.142948725085765, 3.176074846682049, 3.403394540401708, 3.2502798994111806, 6.293958343105122, 8.04502537880912, 2.0797270766309373, 0.46873110961051817, 0.05813422998398842, -0.010724704404085182, -0.04819408749806599
0.4927272926154708, 1.4188480238868975, 2.1846157787600604, 2.7196498923915193, 11.55143561250123, 5.357303624215825, 2.8788242799020236, 2.882224403852029, 2.600775801707622, 4.728224222091942, 7.169309402509031, 1.7386509757937458, 0.3407038128687653, 0.010979655176545866, -0.021779298747791054, -0.05482736206270564
0.42044044751405424, 1.1864823450024145, 1.747718870087206, 2.0301493602765492, 6.411867636151116, 6.1944324895888645, 2.2264681499577836, 1.619636706284753, 0.9791192619591877, 0.7517710130774058, 4.81821370282617, 1.0517322528983755, 0.13073097328830396, -0.05689908805681572, -0.03650720565170081, -0.06107520975552606
0.4707344815391676, 1.323856467988629, 1.9389257321760633, 2.23858789311643, 7.1317459340434795, 6.4583796591428095, 2.4212820905969017, 1.8440232022556176, 1.1983137499757286, 1.1673832935714124, 5.228840008519903, 1.2124461075268684, 0.19148904580444984, -0.034937949912359094, -0.03169246533300706, -0.05987639235038029
0.4128812391400246, 1.175658768995061, 1.7625680076171173, 2.102122433875829, 7.462120856115155, 5.936549879242617, 2.358152294633951, 1.8775453680695127, 1.294958159825625, 1.4530043151765657, 5.257921344818103, 1.1532797885201589, 0.15437843020654604, -0.051424801426913296, -0.035660621736889844, -0.06075240685564804
0.5355006120338074, 1.5029124555507876, 2.1918767328120397, 2.512800099968989, 7.679724454938443, 7.1360670518533, 2.6846722856254512, 2.0326636222425494, 1.3099008816581743, 1.2367190726041435, 5.660641322282877, 1.378925134459068, 0.2428579197820598, -0.024266603809343385, -0.03153438342363036, -0.06222337424725741
0.16680653011424496, 0.5226612877174124, 0.9193898911966989, 1.3239461589923138, 7.565656699550713, 4.365774176806674, 1.9646252696447393, 1.6603214031367457, 1.196759541544022, 1.3558251117305484, 4.734521987371429, 0.7659754278208708, -0.03634788408880294, -0.13233343087335478, -0.05522522009309684, -0.06422970178983871
0.35432217307154606, 1.028836791862262, 1.600663895516088, 2.0107205528800103, 8.591327976633387, 5.017961341160691, 2.4589407534070187, 2.192774166944366, 1.695772705824606, 2.274834289418368, 5.628181815186602, 1.1764448965469294, 0.12827030211123974, -0.06978222789016844, -0.04068415213784964, -0.05931724088542658
0.4598635473867659, 1.3001499729157397, 1.922865578454509, 2.249186519811186, 7.427971579890157, 6.610520863956498, 2.4940319655226024, 1.892578283406132, 1.217018464978912, 1.1328021114198918, 5.326686688250792, 1.2367788207889718, 0.19596125207971346, -0.03458475198026232, -0.03177206302531293, -0.05976723084711173
0.35478217622321817, 1.0249285927536136, 1.5778021716772426, 1.9482608977641505, 7.6410639722805245, 5.5842009876002905, 2.3058632768003484, 1.876578790245968, 1.3182215901455563, 1.4875163394295763, 5.238327880221564, 1.0678091480960155, 0.1093496557664328, -0.06921078602581303, -0.03946094176799979, -0.05960227085634534
0.7929117411745017, 2.2464138780548266, 3.3394116691076103, 3.9468261558240676, 14.061138571791547, 7.44014906154336, 3.8605443103605346, 3.809143755840131, 3.39472444122576, 5.976027357139395, 8.9069260819386, 2.513571831481524, 0.6712539955153596, 0.1478467461473265, 0.012013863261565715, -0.0444913631212055
0.46209626952454863, 1.2934695491379888, 1.8774380314096444, 2.136824803908066, 6.2541776500838875, 6.393154675311072, 2.172092645387189, 1.577850913541393, 0.9780006190907364, 0.8839529151034262, 4.830863635447377, 1.089999116818951, 0.16678740898220915, -0.03348082417918814, -0.028991667564408588, -0.055987747636799194
0.533286066471329, 1.5189732682513726, 2.2812688560131447, 2.735400083736849, 10.245609153904109, 6.3838985895913964, 3.0078631587359737, 2.689983402777338, 2.136705672715168, 3.1334506642439743, 6.747214014861639, 1.6552479903537707, 0.3139197773037771, -0.0030690072673330124, -0.02645754042609195, -0.05770328188731093
0.3170930676756162, 0.9304681321230189, 1.4729877603704284, 1.8863017613634872, 8.313115753744954, 5.220094231347644, 2.3876540708242904, 2.0444591809003674, 1.5053860984605514, 1.8129548727499518, 5.417948930291744, 1.0937081517124143, 0.10097018067347242, -0.07818124617399227, -0.0423705177515757, -0.06047977358272337
0.42809147134244463, 1.2073386226233975, 1.7793557808038802, 2.0776118926499594, 7.110471396708919, 5.20530156854862, 2.3266895693502967, 1.9617975318464829, 1.4255447384571989, 1.7086800357356338, 5.0836697736382925, 1.146564067702312, 0.15966410557600064, -0.04766547297422208, -0.034275796709018966, -0.05751342451306182
0.7429556093732258, 2.0622983786072466, 2.947537396740537, 3.284595013766007, 9.06161281514554, 8.045780857829694, 3.195928080348339, 2.609492654652983, 1.8894564496249193, 2.3667851403889, 6.662597282622893, 1.864299015574787, 0.46771798590644037, 0.07681045346886821, -0.004746635650293882, -0.05042327157836278
0.3340426968305509, 0.9486826101887632, 1.4206420557049644, 1.6973921351262131, 6.210469801797999, 4.832981588772272, 1.9306982858853416, 1.5518624033499648, 1.0808307510700759, 1.231287008666841, 4.4626070516079315, 0.8986355661373914, 0.07832471921243848, -0.07218758628266463, -0.03895117749345893, -0.05974393351795372
0.5308749199678353, 1.4856400171494988, 2.152947146112931, 2.4404654213372354, 6.851176348086416, 7.841086593177666, 2.340992450476974, 1.6008933433376837, 0.9304127835830176, 0.7259840849487491, 5.237719870763116, 1.275962805152712, 0.250804093789792, 0.0013250768738453569, -0.020960314183934004, -0.058357804362618185
0.3383429648423285, 0.9874051075134617, 1.5413341312128477, 1.9226481802226412, 7.348265066374185, 6.863750408908449, 2.368780508554317, 1.6466718844938129, 0.9009894011740038, 0.34405954336222316, 4.995589121241404, 1.0778064222469648, 0.12532832086247295, -0.06440227924793811, -0.03917394746950534, -0.06121144566648108
0.4614412412037192, 1.306844167739238, 1.9391946164215603, 2.279135413387195, 7.626111200704717, 6.507832090861032, 2.4548720927101235, 1.9128488244419064, 1.3001778531923027, 1.431201928390074, 5.402189743137086, 1.2628906808587805, 0.21464051661933897, -0.022256595236103297, -0.027673454924456477, -0.05665012465177355
0.2636205125501247, 0.76621360589461, 1.193018025871717, 1.4950719976143374, 6.086939137893426, 4.5363853209362635, 1.7897925573319622, 1.4173138698113272, 0.9721924619254562, 1.0980331425296184, 4.299567150117088, 0.7580867675738163, 0.008761756681899163, -0.1008792171458728, -0.04561591046170196, -0.059967006938781306
0.3060385302437794, 0.9036894566023704, 1.4468335101942729, 1.878984745540981, 8.504558327990122, 5.965577398633729, 2.353348521393278, 1.890133986882461, 1.3242839177423997, 1.525204551816101, 5.5098863489972585, 1.0904005468390163, 0.09089146065415203, -0.08812813933480079, -0.04685894435347913, -0.07055543920303411
0.3000208439434736, 0.8723193312608164, 1.3570682167493606, 1.6958391782296511, 6.880732223087234, 5.133086833216953, 2.1038627558029694, 1.669170547913356, 1.1197071680267296, 1.0993302104478766, 4.729422609507139, 0.9249255088228047, 0.053842162849667766, -0.09470442939283306, -0.046666544558634365, -0.06316733914057195
0.3986559263944497, 1.123994908920242, 1.651432028594073, 1.9082286650840965, 5.833007913150771, 5.887972612989308, 2.0727591915886703, 1.4803592546356035, 0.8652513261297424, 0.5859329555473523, 4.489583539209227, 0.9600320904645734, 0.11061959766736536, -0.05797895505182425, -0.035313483756485284, -0.05854543414516328
0.594659730441969, 1.6970909907235148, 2.566983611258843, 3.1206475449376323, 12.611152284498193, 5.758871437050911, 3.228323638101578, 3.291781384871008, 3.0021935588220203, 5.404689093096149, 7.665630899795537, 2.092597494496802, 0.5092086399372127, 0.08056395353043828, -0.005442915675624455, -0.050532376970906165
0.6530780129672042, 1.865362418310088, 2.8149704817826566, 3.3989448682113106, 13.168210747431445, 6.26578782739201, 3.4229681201446893, 3.45637712418388, 3.1404659473223813, 5.70488849699716, 8.151025613803174, 2.2146652043363915, 0.545675381290085, 0.09457579503703666, -0.001512468235219057, -0.04784067293911283
0.44693595465636393, 1.2480646904447599, 1.8090952992062064, 2.0683241882899432, 6.677198919844309, 4.87743374925366, 2.1382260508743265, 1.8561318976383643, 1.4271261744633588, 1.981044776396823, 4.92176756077999, 1.115850882898397, 0.1681578105619233, -0.036934004639354305, -0.03062030991168601, -0.05789467802511253
0.06143441868686998, 0.21573687653535728, 0.42705394784826395, 0.6521264170896589, 3.199998368583378, 4.092528112049794, 1.0706004963259852, 0.47842754097372836, -0.0387745262111528, -1.0613737426455623, 2.3524224055557, 0.244191617053098, -0.12746903285658007, -0.13656889085526702, -0.051726692622303116, -0.06207757129344452
0.3559077910059614, 1.0216053564375065, 1.5527604291445511, 1.8822243548172268, 6.931119712628432, 5.640269920540914, 2.2038251211937676, 1.7129705931245245, 1.128248275867563, 1.0717737869374981, 4.885109936176475, 1.0109714852546974, 0.10273219611780218, -0.06918522645377444, -0.03936302287063986, -0.061588429427477116
0.6243749482612699, 1.7773919043814075, 2.6767261551734283, 3.2354159058843694, 12.838386403979491, 5.714197465558908, 3.3029659166380374, 3.415837922187174, 3.146665446302563, 5.6823636318405875, 7.83082881638038, 2.1593235814018463, 0.5391355562301288, 0.0953459059398978, -0.0010205558365844192, -0.047609475546594816
0.6586146962664167, 1.826892811317927, 2.6102842350752566, 2.912405025101272, 8.214495791188194, 6.722631855116664, 2.8249078188531302, 2.394110926126498, 1.8111635609992462, 2.484987867106121, 6.162195050181855, 1.595072637156123, 0.35461153765773457, 0.03475112561134018, -0.013793751514151296, -0.05267920116150681
0.37383245932615283, 1.0802624633201103, 1.6625631305465178, 2.0484804200634215, 7.803942101139566, 6.123136498248735, 2.2084731326652767, 1.758241789652495, 1.2600579673762278, 1.6408970360533328, 5.280706367985715, 1.1367695963948363, 0.16485999917600103, -0.03593331369296441, -0.02936617834910483, -0.05536984764836122
0.20836792693125533, 0.612395308143922, 0.9671160657656666, 1.2220524833681445, 4.785749650627534, 4.686887387012022, 1.5744275479427652, 1.0415737812525219, 0.5042396282359736, -0.023313480272003573, 3.525411265370846, 0.5802905949094296, -0.03690972657519029, -0.11560650713641864, -0.04927786353389585, -0.062415959686864045
0.3802862731804269, 1.081009152230063, 1.6125457629251534, 1.9022150238042015, 6.301727319880465, 6.1455318002437895, 2.170557160641794, 1.5425082777727406, 0.8851390523045753, 0.5160086827113611, 4.679616256735268, 0.9856423016454915, 0.09760197513231676, -0.07336145442657395, -0.041215105659722605, -0.06278991913694602
0.33796212321491753, 0.9826382277528039, 1.5306064987638237, 1.920533393488311, 8.005602830102712, 5.482458922441565, 2.359770184540422, 1.9546433355749653, 1.3951811778227965, 1.6145437801616127, 5.3324160025417635, 1.0929789336519915, 0.10601463557864123, -0.07630084536053798, -0.04225892154645744, -0.06210677429411391
0.32459509095332106, 0.9390690006554324, 1.4481523395965572, 1.7874646930661708, 6.808357469787931, 5.499421010184367, 2.076725085408733, 1.60553892672965, 1.0647739709770307, 1.0757716386624017, 4.807019060037982, 0.9307826045825723, 0.06291706086025764, -0.08612204813927388, -0.043539926209813534, -0.06163104218465074
0.25893992605730126, 0.7675444267127963, 1.2398715070437198, 1.6317648311959911, 7.880648437444657, 4.211949697878758, 2.096752526087515, 1.9132057261226185, 1.5151816072620845, 2.115729263322812, 5.099151269963249, 0.9334180277439529, 0.038421897455442326, -0.09942688828936097, -0.0464968865551125, -0.05869327666662422
0.4209327320967177, 1.2068239689336782, 1.8326529847199293, 2.2231519988748816, 8.223755191899171, 6.236349025855034, 2.398781369817302, 1.949602417708998, 1.424418356834854, 1.905687836221393, 5.641638454279293, 1.2385650936274686, 0.17674848147310757, -0.043756709056657454, -0.033727316499059704, -0.05965296321489191
0.727341037834754, 2.0544230441371862, 3.0569280230160607, 3.636842677275892, 13.416432198020194, 6.78322309025669, 3.659265107097125, 3.6476938004931716, 3.2569273084216013, 5.65595169242525, 8.367564720733625, 2.3729495184354468, 0.6272562363613279, 0.12934989649895787, 0.0067783777353988715, -0.04780097556162557
0.6713518580480712, 1.898050374376098, 2.808675286451081, 3.292273391841493, 11.163379717901972, 7.363623072075888, 3.2474344307769965, 2.9345089605179853, 2.4196503886894445, 3.9132625677873043, 7.548484309988742, 1.942284525957529, 0.4374037313472653, 0.05302211999076437, -0.011302892056951709, -0.05129212095735295
0.49972666115035835, 1.3834130760015988, 1.965362832060918, 2.169946578486876, 5.648059495474983, 6.367805950598142, 2.1370579403106595, 1.5074934350410698, 0.8910671808103507, 0.7145125270518837, 4.543907389269056, 1.1163980010138401, 0.20711633676677188, -0.01166491034885616, -0.023177259230848683, -0.05413142531121629
0.42044044751405424, 1.1864823450024145, 1.747718870087206, 2.0301493602765492, 6.411867636151116, 6.1944324895888645, 2.2264681499577836, 1.619636706284753, 0.9791192619591877, 0.7517710130774058, 4.81821370282617, 1.0517322528983755, 0.13073097328830396, -0.05689908805681572, -0.03650720565170081, -0.06107520975552606
0.39606685591756086, 1.1214567002862392, 1.665261171766559, 1.9585119327615015, 6.555759747670063, 5.61968332859178, 2.1747838457691806, 1.6857331822142387, 1.1137210802249298, 1.1072820158049348, 4.838102937796357, 1.0153491510873351, 0.11344384268933916, -0.06171707351703927, -0.036933284153518695, -0.05971109591512749
0.41698416046365794, 1.1738041184360606, 1.720544267087708, 1.9842838229657065, 6.120658620249451, 5.7882974626852715, 2.132897263272299, 1.5972357961639947, 1.0082113845054508, 0.8832772811591412, 4.673840115627026, 1.008101777902813, 0.12507241103204073, -0.05338230772328665, -0.03440037650875148, -0.05830192517275457
0.1077413682796987, 0.3514144254991128, 0.6514361318912042, 0.9775357910794301, 5.674644079790506, 4.229725396465577, 1.537066310128214, 1.10678593078662, 0.6308282546919345, 0.27242831523178856, 3.6436084514049423, 0.5218447873262246, -0.08013801098659586, -0.1355966539517264, -0.05423558129672354, -0.0649656476691912
