13.149209700898048, 23.422292143021682, 25.004616500873944, 22.102252597924366, 17.236736802343135, 13.674213585990808, 10.374639307040026, 12.72733746276152, 22.582944958661248, 23.95871068167075, 20.95473481013576, 16.137538533776855, 12.65390590176928, 9.494674312970604, 15.873539805073412, 27.107408542988274, 27.613057875683584, 23.419538295433668, 17.55799176010583, 13.448622567243218, 9.826468565677898
12.684531411480638, 22.762259786318833, 24.383554970841637, 21.62770151067811, 16.936606071605635, 13.483419991309033, 10.264825786629409, 12.529916363440233, 22.163164346565377, 23.4331741298175, 20.491394365795166, 15.810902700752733, 12.430563618563896, 9.350937270405938, 15.943717090983618, 26.820962460049792, 27.079804179936236, 22.86305067418688, 17.09286790529045, 13.079536528884937, 9.552948702520803
12.989720638168865, 23.259789001964833, 24.91447917167978, 22.118402706279557, 17.32677152530039, 13.79286703622701, 10.496888506666528, 12.862897268960184, 22.717823639212366, 24.01297656050981, 21.00127764097938, 16.200827880988143, 12.732280100746594, 9.572391549176, 16.373737990999658, 27.3660807260088, 27.673390552967017, 23.410954627427962, 17.496430522230447, 13.37656129842494, 9.757559496434423
13.333982198904275, 23.981587167787307, 25.671884732593114, 22.67043457107423, 17.581246075382612, 13.873871704539742, 10.493052022469108, 13.055926062900367, 23.139725096000255, 24.5131711689896, 21.4716188118833, 16.47272213838354, 12.86292825686179, 9.624024395107822, 16.3569359081827, 27.7070632324701, 27.8773112099647, 23.610753522877193, 17.65564566735465, 13.495352350697457, 9.854852628832557
13.484769884188193, 24.287002727945573, 26.01605253204008, 23.03940744309141, 17.894229392420648, 14.124943989314064, 10.680767400995956, 13.320792793708822, 23.57088648337896, 24.93714176459021, 21.83684619544043, 16.74326069404311, 13.06438900820326, 9.765666562083386, 16.84945419591045, 28.277867443323306, 28.516285076170767, 24.132740156439034, 17.968484959579744, 13.688452961728368, 9.965900312658528
12.826297831976557, 23.018850894815163, 24.71221406114558, 21.916536345038434, 17.17892807175939, 13.697038389726035, 10.443490002182616, 12.700437930140502, 22.5684828969899, 23.85709365642535, 20.787612781310454, 16.010913282886833, 12.579969275447567, 9.463145314179567, 16.2282975394406, 27.885494972919332, 28.254795112585658, 23.661381410211494, 17.51020915448788, 13.269674674832546, 9.620765303660143
12.640111632454738, 22.686586197613543, 24.25126003377319, 21.517174069215425, 16.874755580136526, 13.454575521256672, 10.256392463764268, 12.385056865183605, 21.972266473163984, 23.19925502425557, 20.289348241871682, 15.6863228514705, 12.360020122853037, 9.317173414632466, 15.5989613415222, 26.492785971708187, 26.84096961641655, 22.664461037540224, 16.929606250036514, 12.941156189879788, 9.450286582980098
13.193323667557733, 23.610585873199245, 25.243905007180263, 22.307382775231478, 17.398958447942412, 13.80742436321245, 10.47939753701108, 12.922247357564473, 22.858039986469514, 24.2333710131056, 21.194609306789, 16.3108455959983, 12.781586142132022, 9.582791893119264, 16.54300481901, 27.99453062025937, 28.29555539065878, 23.834540952010926, 17.769194110765305, 13.558328694765025, 9.87236263314393
12.959023793489209, 23.248051194432733, 25.018230859299486, 22.253074653575023, 17.436105202243112, 13.868906146038995, 10.550985200526803, 12.923353468165091, 22.852031002508987, 24.11993709623586, 21.051184888103037, 16.23432056856646, 12.752279732529905, 9.586833339456296, 15.936099299732525, 26.944872290236418, 27.39930758635944, 23.12918220499417, 17.256614256418413, 13.172210979649508, 9.613489393751891
12.972403972994806, 23.450107910868518, 25.170024363183124, 22.296713658126986, 17.41754168937388, 13.837034210719356, 10.50999028743159, 12.980257730666192, 23.028664993305917, 24.361501531262615, 21.268002540762453, 16.351998070064827, 12.814733554064162, 9.605321559157758, 16.721092116573786, 28.249112215260578, 28.482692807785423, 23.917417594277456, 17.763056488916142, 13.52319271066653, 9.821143026664412
12.592196376028044, 22.652783182402242, 24.29786048628958, 21.566446213400308, 16.91152576680775, 13.482073360376615, 10.278078802736594, 12.465200431817108, 22.091514322907763, 23.336043910271613, 20.395389979678097, 15.74787119912691, 12.393728842047498, 9.334157241091033, 15.938568715107957, 27.05826047503273, 27.25812461513837, 22.902496062259456, 17.05646057774788, 13.011937002666796, 9.485933760974419
12.776341235940759, 22.801283247594565, 24.381195840377213, 21.596644265737314, 16.909710320486504, 13.4731393614168, 10.26530561708668, 12.605595634769228, 22.377303259745553, 23.7432591945204, 20.775190103117286, 16.036032916645954, 12.613156286429275, 9.494221224818105, 16.388531431437723, 27.54863919428802, 27.800400478769653, 23.529921990466004, 17.63721128666473, 13.518506464628878, 9.880629486943345
13.008417624176234, 23.37617861764305, 25.10164549539787, 22.247814066010402, 17.377767913606725, 13.796256335280203, 10.476597808104405, 12.950207142621501, 22.92597856394284, 24.312347326047057, 21.247462709376343, 16.35013662720715, 12.813804680023184, 9.609982329669824, 16.552080226214514, 27.62289079827656, 28.01647550546088, 23.714884512882556, 17.720601204717365, 13.544396817819925, 9.874043285356766
13.371831660013275, 23.822906860220094, 25.42437622650136, 22.447441317490725, 17.48260948574607, 13.855370068032139, 10.501720361913318, 12.981805437827516, 23.006870355263036, 24.414996074958196, 21.34041503443117, 16.410219574181205, 12.851396011080599, 9.631135273478954, 16.237393757198696, 27.724263235123065, 28.230204539191774, 23.844227085669225, 17.78262244800316, 13.55741713705785, 9.867323643912583
12.94789194445386, 23.241218772077346, 24.83945046775903, 22.001957751034542, 17.230001992890806, 13.724420226830034, 10.451440936459122, 12.694494424553708, 22.567406538221697, 23.838049004351927, 20.81499659467276, 16.06335973473069, 12.637818333941075, 9.512825858360362, 16.266136237895445, 27.767297412229116, 28.095645997443135, 23.602738065623246, 17.537576037369572, 13.349701776059415, 9.713700620025627
13.437391403570278, 24.264970706377756, 25.958008913367514, 22.87992180015083, 17.77921502372218, 14.07057225431621, 10.647304549799593, 13.266376606948375, 23.454114459225444, 24.780005353321734, 21.62740292459643, 16.592327781367345, 12.978994964589827, 9.704337133986106, 16.626887260544233, 28.1709276840018, 28.591948183254864, 24.107904428491057, 17.891284628411153, 13.598908923627304, 9.85478842983607
13.121198687530192, 23.67726418974837, 25.31029166180286, 22.40538815142576, 17.50903714780804, 13.904209767790295, 10.569018897920795, 13.05341054174221, 23.2272252320085, 24.53917727873028, 21.402913457251824, 16.45471616580575, 12.883880046720025, 9.663391645592185, 16.431013847762244, 27.720418691417215, 27.99151701350216, 23.64838935746924, 17.66512121521325, 13.493422707120917, 9.844089729849683
12.869113143481822, 23.048332195574712, 24.689395860191805, 21.928966049640334, 17.188611539902134, 13.690539288150928, 10.424928483352485, 12.5776554905231, 22.31843835960418, 23.580978580367145, 20.616931444331467, 15.92804707418264, 12.536947428291617, 9.440669158880626, 15.641430321251663, 26.433299008348925, 26.78651812992864, 22.69430645139503, 17.02291704208003, 13.0572975434182, 9.560640196946391
13.319796108911458, 24.01479308623852, 25.67910735156508, 22.761125961881916, 17.7465585390198, 14.061483817955349, 10.667095090242936, 13.086171402124481, 23.188223156577227, 24.50701554848861, 21.464217804039176, 16.504945141363667, 12.921554718054008, 9.689680642321044, 16.477209159297598, 27.465900547984937, 27.867996913090643, 23.730474212392554, 17.710150650572203, 13.504002133246281, 9.826573284109099
13.519528446435958, 24.23052764213809, 25.95243722208486, 22.883195153564234, 17.7787524025172, 14.049992300027503, 10.629237519269084, 13.252236376711597, 23.399485542299946, 24.78499537537634, 21.59104211838458, 16.554819613433132, 12.93338079231546, 9.67488071832751, 16.914267658761734, 28.22429534509668, 28.454024227068864, 23.996973397498973, 17.912067307976237, 13.676295806267355, 9.960862629326387
13.239547626772556, 23.836839939447636, 25.604648130628426, 22.668174445938444, 17.68142284560573, 14.019894000157638, 10.631743857714508, 13.04816933637014, 23.103395433507863, 24.465660436845944, 21.35184349602491, 16.414455940515523, 12.857671975640388, 9.635960068689009, 16.27238540561096, 27.39889427031491, 27.801926007572106, 23.520973588671087, 17.58761153631647, 13.452753860146446, 9.814541695249535
13.07695603647236, 23.324719851667183, 24.97041985911654, 22.142892848546218, 17.31155009944645, 13.754943132618418, 10.449817507417453, 12.80477748061529, 22.668836720743137, 23.99137415657813, 20.974533029663156, 16.171947071756524, 12.699411979836396, 9.541706455539904, 16.20062876852487, 27.34197436028844, 27.661694410524504, 23.401003641351842, 17.52008142821459, 13.407117945393617, 9.788453432001283
12.649198179961523, 22.689178874386688, 24.25141503366208, 21.51398112531425, 16.871575591034915, 13.45206692924391, 10.254933229898143, 12.34051407966821, 21.923197978796782, 23.20913348706342, 20.318416452829698, 15.70837303325531, 12.372808421674458, 9.324870921112165, 15.513310109610805, 26.35165150978212, 26.797725229597184, 22.69237283333304, 16.97779294969418, 12.98808553360581, 9.489248020783842
12.708896440977362, 22.832999648950562, 24.397670765650503, 21.672353783987845, 17.01332454202089, 13.591812143258185, 10.371331166543671, 12.3746604688458, 21.998123129001705, 23.288583045716774, 20.437785387802034, 15.816869463237802, 12.479281427404299, 9.410648388197432, 15.397031076097022, 26.287750172405836, 26.771991218831193, 22.74566203260533, 17.008337043007366, 13.001276350724497, 9.479587339347312
13.158874139437867, 23.688303608977126, 25.58469874124989, 22.621938327434027, 17.727674250895568, 13.996000647700518, 10.669422018074417, 13.123054714059151, 23.10878100645722, 24.508289763721915, 21.29409731208003, 16.43838656475702, 12.80056795227329, 9.645735017904936, 16.302913624165317, 27.257505678596484, 27.720833552448767, 23.270253800031117, 17.444862351584465, 13.198496409520732, 9.682736784336969
13.464502647203126, 24.51469008945812, 26.266343370506565, 23.082158091061913, 17.908681880724213, 14.147702462707729, 10.71134494062626, 13.256775991535417, 23.502204836954938, 24.877258018545632, 21.779120351804494, 16.758485027248703, 13.107962066866868, 9.81044947890772, 16.979298060291697, 28.637856938176043, 28.783344285834424, 24.284551035683617, 18.16280560104582, 13.899509978917669, 10.151183000258536
12.906100757794263, 23.265119516153728, 24.969105296020984, 22.15523572527573, 17.371190189871353, 13.846259470127626, 10.55422207899341, 12.81073442443577, 22.751538752628655, 24.063904240023497, 21.033190081200903, 16.223598553301546, 12.748430333261657, 9.586950854419747, 16.056220305349274, 27.230710258089562, 27.594390658077124, 23.317799419501974, 17.40388177144964, 13.28074174400304, 9.677021917185813
13.507588749987779, 24.15208995826743, 25.776508944264428, 22.80527872467914, 17.71012211296204, 13.98027332350801, 10.567721447135563, 13.215027467929703, 23.43133011705023, 24.88779505281963, 21.830903146073645, 16.7523702019481, 13.07334036741455, 9.771802317717281, 17.350398939955554, 29.198714148369312, 29.402779210132643, 24.795788083711653, 18.42773428327021, 14.020387927077575, 10.193215116120383
12.646323157348577, 22.78205128793806, 24.43626630067881, 21.691585965766382, 16.990655138049043, 13.53144933585636, 10.30465328036631, 12.518508922632257, 22.234751927166037, 23.503432347601105, 20.543317476998766, 15.85133172716527, 12.468004897481798, 9.38216217246792, 15.801998534623237, 26.593384143186285, 26.784003725550622, 22.57049850513433, 16.8528581787686, 12.892876167143406, 9.410939657811843
12.966046309871892, 23.492683014197464, 25.252048382751113, 22.34973625754887, 17.457557413228177, 13.865025996652848, 10.53605244060116, 12.931190653941728, 22.97173236872392, 24.28260836576881, 21.161779965148988, 16.273064547262276, 12.757033370819629, 9.57329667717882, 16.49195475608955, 27.874797782895943, 28.105975225299286, 23.568883291100875, 17.492506484522266, 13.307151026516625, 9.672741769361137
12.869113143481822, 23.048332195574712, 24.689395860191805, 21.928966049640334, 17.188611539902134, 13.690539288150928, 10.424928483352485, 12.5776554905231, 22.31843835960418, 23.580978580367145, 20.616931444331467, 15.92804707418264, 12.536947428291617, 9.440669158880626, 15.641430321251663, 26.433299008348925, 26.78651812992864, 22.69430645139503, 17.02291704208003, 13.0572975434182, 9.560640196946391
13.03994075775665, 23.309592614583714, 25.047278100416978, 22.162061388815328, 17.277324149513355, 13.681071891887962, 10.373535355936808, 12.872778437670947, 22.772470272303437, 24.202327616654962, 21.135604925794098, 16.252059619225676, 12.714217114610907, 9.529931817261486, 16.655887179573973, 27.906858253104684, 28.258649178147003, 23.86222296371956, 17.837206029202132, 13.617523732547957, 9.932070142147538
12.281267021720016, 21.971434489033562, 23.58389558629409, 20.970381602222695, 16.500148504650078, 13.202428462545228, 10.100612495511184, 11.96266570604811, 21.346200690216833, 22.67265596750227, 19.861488384583367, 15.384611460607392, 12.143557425473716, 9.17710783940823, 15.399155342277053, 26.352618013801692, 26.698563543062328, 22.498720160241653, 16.76586792661223, 12.774969817705648, 9.308290635483313
13.129844150581029, 23.71100745372317, 25.470323105047257, 22.5378808813071, 17.588489853702544, 13.956131940842683, 10.596013926758461, 12.965617187372544, 22.95485670642199, 24.327857286192085, 21.277348451800215, 16.376399775993182, 12.832312212910352, 9.622701565597195, 16.256093342648573, 27.61981035585283, 27.961524340676394, 23.555469054424837, 17.557627571151954, 13.390239351725851, 9.751075893746544
13.556931639207747, 24.513126145334887, 26.254694222979673, 23.18061096463178, 18.009432859214776, 14.238011924031657, 10.772207155574428, 13.38010711999556, 23.697055027277823, 25.072738107611507, 21.944610536279193, 16.83795732940149, 13.150449751095538, 9.82490259873199, 16.973665126674014, 28.620274411900887, 28.855317754574806, 24.39911054429587, 18.189688401046748, 13.875650791415278, 10.091439922791555
13.349116261485566, 24.260679746738862, 25.980975762971312, 22.90078782709369, 17.812354890238744, 14.082847381281546, 10.675590839289702, 13.170475040043865, 23.295727845952435, 24.672543509335597, 21.610085825276673, 16.635982168023336, 13.01229676589726, 9.749960035583637, 16.674172645747255, 27.793651241385902, 28.04634202448603, 23.796110575665075, 17.836975060472366, 13.653386858663694, 9.981548994689359
13.109722163272133, 23.523548951180445, 25.22399088884923, 22.356883775962142, 17.47071924654763, 13.877992901783182, 10.54084528484798, 12.783866372921091, 22.617169629357917, 23.95383332745021, 20.94713196593922, 16.14699521085567, 12.681378608258811, 9.527393786574486, 16.08623613171726, 27.06007358504635, 27.43914181398776, 23.212615313922953, 17.35230905697464, 13.270686091707999, 9.680513626454397
13.375999691291, 24.04667627888155, 25.85136775372962, 22.867786741550646, 17.834072735469107, 14.126269590668382, 10.714990563188751, 13.289769455489985, 23.41264420630672, 24.75834356531373, 21.58410180019358, 16.585964884343873, 12.973789327906951, 9.722417701634146, 16.901644191663962, 28.389468800573702, 28.562145800473594, 23.95129831392742, 17.80446604826832, 13.537225508676695, 9.83900199887717
12.913952395488256, 23.299247355928905, 24.929688526215845, 22.110302698396517, 17.287032414610973, 13.749717908519573, 10.448790931901996, 12.708780724244251, 22.570918177294544, 23.88369555615282, 20.925807587455207, 16.13390899908927, 12.679737954036014, 9.523396998575022, 16.433827655976664, 27.829516695027134, 28.20887161536035, 23.843552021325646, 17.73937823519665, 13.518917368393058, 9.823687543625063
13.360623076852223, 23.988831090623137, 25.675745862232542, 22.69698053394193, 17.67891928789262, 14.015114560523694, 10.617638176977644, 13.089165744253133, 23.170122480197687, 24.573249297661874, 21.475671175345486, 16.499330731290474, 12.92157803889494, 9.673001149374349, 16.701028115571, 27.759529502216218, 28.091395052798894, 23.779963985745063, 17.747878734377007, 13.571742386372456, 9.878328134654849
13.039917799523105, 23.402677881960898, 25.007517991127955, 22.16069539556819, 17.31684264607771, 13.776009080563929, 10.467755801349206, 12.810192213287777, 22.771390335439378, 24.118547583103666, 21.12528661515192, 16.271535016272033, 12.773052109921254, 9.581265303417098, 16.111521201673945, 27.347595427908765, 27.68154572360129, 23.41426323052769, 17.484853547062478, 13.376141583425351, 9.748507398294585
12.97740960546603, 23.300376311681134, 24.968432299457355, 22.107287799879785, 17.26962859558503, 13.718940945779028, 10.424728753708752, 12.845473094033439, 22.768568416334833, 24.082074522016956, 21.01266404196777, 16.16502813119802, 12.674626073154945, 9.512301948739768, 16.208526296383525, 27.506608449187336, 27.771955693307355, 23.34684587886409, 17.375285938155223, 13.237951822198145, 9.633237226396286
12.86779063943263, 23.05238369085478, 24.715568373648544, 21.930540328007186, 17.161189294618747, 13.654282451479194, 10.3860891285625, 12.617475107294993, 22.32544106790695, 23.650365954857943, 20.702705241964374, 15.978257231939367, 12.56579409005906, 9.451521641182364, 15.977962476594314, 26.840374006116146, 27.058347072207305, 22.873027174931025, 17.121191748354818, 13.112636905347753, 9.576157244967325
13.353252165151552, 23.970136167620964, 25.658194477167648, 22.732741483278826, 17.731400383833027, 14.073300903577788, 10.668330526964969, 13.136896593724384, 23.21500689617391, 24.54568802646678, 21.465216560597778, 16.504449882576832, 12.940682443210738, 9.692449473895042, 16.465178353247055, 27.751641747483056, 28.054221253387194, 23.713537807029812, 17.692486668292528, 13.526604579112455, 9.840639159607017
13.107110401653994, 23.42381279186681, 25.04808312698149, 22.227273606812243, 17.389524762565372, 13.836101774465734, 10.515282434010805, 12.840694476266247, 22.743991372046317, 24.027099221448136, 21.007402561825927, 16.199012247674574, 12.734102674187703, 9.567946573559013, 16.021103617075692, 27.039911835629944, 27.37914263224544, 23.20445228566407, 17.38557923567038, 13.329057845716468, 9.738504537654425
13.053837922123353, 23.55692561065807, 25.277276843310524, 22.402102681286845, 17.521007232674982, 13.927489728289608, 10.588262363365656, 12.958452261835962, 22.96521878565454, 24.247892346454513, 21.15311028165561, 16.28656362872198, 12.77883788498286, 9.594739337915076, 16.276950049578318, 27.401452570045983, 27.704173424372442, 23.36217205361705, 17.437931553228537, 13.328738802634657, 9.72585669650537
13.173763190928218, 23.661619203140937, 25.36993053101283, 22.467368675772235, 17.545745931852693, 13.929258844565439, 10.576570971310574, 12.968868547554948, 22.947095032231076, 24.31683381361546, 21.25648418054435, 16.366058292850926, 12.83443479081008, 9.630858360932619, 16.39194468149047, 27.47053677251901, 27.803069684630884, 23.507387124576283, 17.571148566143137, 13.435554432263627, 9.800246274945144
12.894499851821742, 23.288031521184376, 24.975406568969404, 22.171131913730434, 17.341526931371973, 13.798970083667488, 10.489618983615427, 12.866694988906733, 22.894923735397605, 24.27079292821162, 21.26039754840606, 16.368512948859085, 12.84217796635325, 9.628267145727019, 16.309452984561677, 27.547959374275678, 27.90127996749115, 23.603319448848953, 17.60761174003509, 13.461140967029117, 9.803911941340317
13.624758237712333, 24.42649462810019, 26.1409315648783, 23.024175776280288, 17.848845264048947, 14.07958939601738, 10.653219853511729, 13.229737167826737, 23.356278344412257, 24.795543639403625, 21.78640209577672, 16.787664170364277, 13.128706090696332, 9.829080590597895, 16.46023188266847, 27.821794004656184, 27.979122752969694, 23.65108992730097, 17.767234369688218, 13.648353872625181, 10.012355365938792
13.292491296517204, 23.64540810819969, 25.253164717468223, 22.315012197722314, 17.398733770455497, 13.80249848293533, 10.472134371998532, 12.868547106393633, 22.78179778066226, 24.162578903811927, 21.11833681139307, 16.260960698405654, 12.754726469956726, 9.573584901155247, 16.025832680119628, 26.981016741243046, 27.34798596482217, 23.199064067170074, 17.393250651542257, 13.335921025759314, 9.747094308730432
12.844982539773868, 23.08356140645603, 24.740401497978777, 21.930839010318152, 17.158885466143126, 13.64792135392374, 10.38211925067417, 12.586521261482346, 22.38767803361895, 23.691455185946992, 20.692494043327528, 15.964495895021193, 12.551593715426451, 9.443585246186398, 15.778186572063461, 26.789733025001343, 27.239805517492, 23.00648816966214, 17.168334200669907, 13.107680437219766, 9.561297280761575
12.803543692465354, 22.915527718002817, 24.578458210988288, 21.773572834687005, 17.01422372119022, 13.51363969882233, 10.271112616252852, 12.600040828389377, 22.339948772745668, 23.65279587929124, 20.654525637828588, 15.9233536436235, 12.504758968318733, 9.401614364465637, 16.01123989007813, 27.062237516397158, 27.305373365125345, 22.961809753484992, 17.105480054236207, 13.04015202618308, 9.503240477916359
13.095704687363163, 23.624276186533102, 25.28701778544159, 22.291692435518364, 17.315868908466562, 13.707440155482697, 10.37775756058171, 12.81794287249302, 22.739888455987224, 24.123348271956342, 21.1244458433382, 16.23499663229852, 12.714826640075424, 9.518872289929122, 16.6053523286086, 28.138434829379186, 28.519019870333118, 24.11248728820308, 17.93857932858512, 13.658017811392265, 9.907428735217207
13.04153603876138, 23.360925665314337, 25.049360176857334, 22.176805197841784, 17.298618540042696, 13.72359959635207, 10.411167412724582, 12.829972296520722, 22.728426941382054, 24.12251939774704, 21.09535166300923, 16.235365041135, 12.729348962171544, 9.547629193697908, 16.312947296311105, 27.411364396674042, 27.753940088586223, 23.479506820258962, 17.550263278987657, 13.416144402399858, 9.777573727072522
13.115597868636304, 23.538571352539392, 25.23187934434098, 22.32610833885536, 17.415093567252526, 13.81234286980723, 10.479243564585483, 12.922510835161463, 22.941099502191214, 24.3633362977111, 21.288955455289898, 16.365570157824752, 12.811168534127791, 9.598540970127042, 16.44808865150103, 27.969934475924603, 28.45809123403385, 24.010181428026705, 17.89209036196998, 13.63831261388978, 9.92671907963152
13.587640810747253, 24.27644547943261, 25.93326173649546, 22.866303124118318, 17.78614758331783, 14.078258908334972, 10.660755076960683, 13.190611703672403, 23.30245479585791, 24.732770940054174, 21.64398139759788, 16.64250821424593, 13.021844205168719, 9.748558017250572, 16.738453494099275, 28.353740439097336, 28.650224058448543, 24.142544468794036, 17.99920247984772, 13.733817749564206, 9.994907392960968
13.108798700885643, 23.526274178278932, 25.268260081655995, 22.386700999998332, 17.503751088307517, 13.91761943435215, 10.583368587016164, 13.030574923043606, 23.10797691458597, 24.404219214195223, 21.255262215108377, 16.34635395349733, 12.818025634554663, 9.621276963140401, 16.35978680708163, 27.93482066353861, 28.36571006009143, 23.81699264005391, 17.661592276003226, 13.411155818365465, 9.738057162395885
13.239329384335143, 23.781611520756726, 25.52845201451101, 22.576389605568778, 17.605160221250756, 13.949162888968493, 10.579947859307138, 13.01033120702864, 23.070269008541384, 24.44338075599666, 21.307448795870858, 16.38317134350222, 12.828288311773225, 9.620793517654935, 16.18958020758258, 27.229491438922867, 27.70058282057269, 23.442314515251205, 17.525980387353023, 13.388358480022962, 9.769427107638052
13.394821020717773, 23.81022795567074, 25.55846146626893, 22.512711225612623, 17.59773374726108, 13.865824590060317, 10.554670820266665, 12.99488225689138, 22.984206099245007, 24.449022544896856, 21.26867100685693, 16.42842379739327, 12.799713717962712, 9.646640094897137, 16.029610258443597, 26.87600753309048, 27.38351616556966, 23.16878688423295, 17.497146757083435, 13.310430254561105, 9.793515417840176
13.271477848357051, 23.8666963921578, 25.552753726118297, 22.558940082581824, 17.550313635162787, 13.90001899713524, 10.523995516847851, 12.99154467727805, 23.007218637337612, 24.426446970791716, 21.359092921024036, 16.40669691113875, 12.841690552756344, 9.6083252453444, 16.739512650188544, 27.977703720495608, 28.328908839706045, 23.975985978463115, 17.903656857863965, 13.69123668806672, 9.96635989321546
13.270391030567277, 23.872708825003205, 25.551480671425765, 22.586467420008873, 17.601486248333437, 13.962494426239642, 10.585473563506985, 13.011513599818723, 23.056320268675854, 24.485340521044627, 21.473322180111634, 16.5242291908362, 12.940080210829619, 9.682045330292935, 16.576258608320803, 27.8360532146646, 28.143746934553064, 23.836988152154444, 17.83770935247075, 13.668869277492128, 9.9707092375294
13.534381686134704, 24.176026968522834, 25.990212011160743, 22.857531540707363, 17.82183744414951, 14.013072208513858, 10.639640010759305, 13.230815855698584, 23.35649487701625, 24.86801753700192, 21.63280442594402, 16.653485535078826, 12.936392754589907, 9.712250974254628, 16.33269382738822, 27.570103157699428, 28.118470709117798, 23.692392333338734, 17.807403732510583, 13.50889919076893, 9.90883047937433
12.856942991347795, 23.01958103179576, 24.574949690195506, 21.814284510060645, 17.079299313324828, 13.60785951398517, 10.351726581859888, 12.628699186482296, 22.45639635995221, 23.7280210548841, 20.767232365154147, 16.02481787998126, 12.610438776942695, 9.481220133448131, 15.87921791414459, 26.859936960033917, 27.171436252640156, 23.029103840002026, 17.241508068102267, 13.21973391742479, 9.65349054086467
13.2066948642525, 23.52648642350916, 25.26866617656593, 22.244150787912957, 17.364023372147084, 13.668568749161937, 10.388864547626728, 13.052001102237291, 23.04932974188235, 24.50870579628529, 21.296915375897644, 16.403476194321055, 12.75394387565987, 9.587410876771548, 16.43553998739616, 27.564153808672156, 28.0503477447509, 23.605781809286853, 17.710493558394536, 13.412289948096399, 9.827108293813541
13.06270067132688, 23.448647762376133, 25.119879230838578, 22.27364567570428, 17.42419982646998, 13.855072983804785, 10.533127055757353, 12.86258353404622, 22.822141470260103, 24.129354918043397, 21.072410485130906, 16.241312260485287, 12.75648552341273, 9.585731009127546, 16.148063017700714, 27.226358398438272, 27.56852494890999, 23.300873256688952, 17.41418919630778, 13.315993411263259, 9.717249367759425
13.567405895652914, 24.39169166830991, 26.113152388265213, 23.05488262858675, 17.94756812825316, 14.211339376919014, 10.762517305620305, 13.257495509714335, 23.424869607087324, 24.80347641761992, 21.652175859462258, 16.631776024801244, 13.01501723075853, 9.743000471762045, 16.590611934293594, 27.71338518129154, 27.99615119796616, 23.665595425680483, 17.68334969327697, 13.522154031659207, 9.857137083267146
12.76185644650177, 22.96128211315278, 24.608869256679508, 21.886675228820295, 17.155849702832878, 13.678115495976906, 10.414645894567734, 12.742298146627553, 22.574719384379346, 23.845978243269045, 20.892706554554362, 16.112436331019648, 12.66914700493851, 9.517695867744644, 16.22684033739939, 27.35230660316732, 27.520629433706397, 23.262658306209605, 17.38423619048993, 13.312246255709438, 9.707350179412364
13.101212155399182, 23.36824661200215, 24.98463198055482, 22.122847463112716, 17.28177497297311, 13.726162345673588, 10.425193870011848, 12.70308569570165, 22.50543322779582, 23.85123661906332, 20.867062767224166, 16.094702448435832, 12.642460128903902, 9.501896835709559, 15.776435207903678, 26.641055310960432, 27.07323945730461, 22.982940459949422, 17.247019424131125, 13.221398319719565, 9.66776784241412
12.971578674150644, 23.312422748548354, 24.90388952392818, 22.04285686449546, 17.23897477635449, 13.709974241041703, 10.431460703650883, 12.675825186791103, 22.385547183148425, 23.666374831417823, 20.747090214624794, 16.026796041752554, 12.60035601962649, 9.478064618681445, 15.820655164583643, 26.74804414450822, 27.072442380935023, 22.955987089956352, 17.243192892335255, 13.241831317107913, 9.704906613338752
13.280672523638033, 23.887702159955634, 25.536267691311004, 22.60968861769721, 17.64622465491395, 14.016331476267872, 10.64935686401326, 13.118978096355567, 23.10383268012988, 24.41346929821521, 21.474296501415534, 16.57615750312142, 13.01170204816197, 9.76130623842963, 16.427038411133964, 27.73109312656299, 27.880248008551913, 23.644152317728604, 17.748386276495722, 13.633031380136165, 9.979550199949587
13.319294054954621, 23.718645910155235, 25.425465475385977, 22.51607460109245, 17.561400150211522, 13.9241415104774, 10.559049514030836, 12.991778370753744, 23.024148180771427, 24.493015155302565, 21.451032533635118, 16.508712713817626, 12.92261590708947, 9.67924300785309, 15.774533293320868, 26.709101425665747, 27.18031014259178, 23.156473262470964, 17.451146253805458, 13.41543791435885, 9.830413575501295
13.209019099000185, 23.6429008154488, 25.249747921993304, 22.320472807565363, 17.416171050568206, 13.828621998249282, 10.498693808906408, 12.880313130616464, 22.858180208869953, 24.18347530648885, 21.119231460624523, 16.257389950458737, 12.755829135168577, 9.57520853506903, 16.174896203087947, 27.36644704977095, 27.628164742440298, 23.305832790582933, 17.396465333397405, 13.289796042461766, 9.686589401318694
13.395260052894225, 24.00818533308762, 25.734376218112487, 22.797384678410737, 17.79752328290172, 14.123030297293253, 10.71628026064584, 13.11694257868972, 23.24334359895643, 24.6402036663823, 21.530070785965524, 16.564179424993306, 12.978885583272167, 9.730095519473634, 16.291391076024382, 27.466622778118627, 27.83779295913554, 23.54713870897606, 17.618916276129376, 13.483576081070867, 9.843327147901343
13.273297715643746, 24.039597897247692, 25.835917576678725, 22.840265182771144, 17.823787260124284, 14.146676884902151, 10.74443888135879, 13.252120077504957, 23.532630231250277, 24.931197864286233, 21.775040699689505, 16.737080818034954, 13.093157756035657, 9.801840110658565, 16.480471300710835, 27.81871900248671, 28.169309617220044, 23.78139728632421, 17.751605613776512, 13.561111183625272, 9.885493683201913
12.98687410621823, 23.182085897883997, 24.75329905019436, 21.95634130464481, 17.19930165858492, 13.702872726590414, 10.431646296114774, 12.692719918913083, 22.50587066717982, 23.804876428070443, 20.826708084174598, 16.074415937864394, 12.64229981875405, 9.508838161697417, 15.613021141649748, 26.564832516242927, 27.11699171088995, 23.062327592676347, 17.312920249816134, 13.28235229564362, 9.72077506193461
12.79211259363008, 22.963007058260658, 24.635529817846084, 21.873897174410395, 17.144388656255984, 13.659267715873616, 10.406025426997262, 12.752216651889805, 22.557977887278202, 23.871559528673856, 20.88799481892523, 16.11099945005635, 12.65653602436052, 9.51373506000918, 16.183478493707646, 27.33232125857977, 27.572121183687855, 23.262517877841482, 17.389533444634193, 13.300434925709665, 9.708357539845338
12.922026468722498, 23.284206613981326, 24.92779850721649, 22.07627966285575, 17.240689513662577, 13.70144617930981, 10.424074355662011, 12.807372879312354, 22.677952650308928, 23.97235455255567, 20.97225980908527, 16.162000755232413, 12.69958661163657, 9.553861435578725, 16.3471812013714, 27.30567554074852, 27.49054218757161, 23.326766105065932, 17.47903474993712, 13.401949636152763, 9.802768414463138
13.201166812432234, 23.562018217942565, 25.17450703987671, 22.30643188877102, 17.419436183530657, 13.840183415412552, 10.503444059488407, 12.935574015793005, 22.921797834938605, 24.184292009405446, 21.110291689498947, 16.24277094873173, 12.74704885144311, 9.562246028543559, 16.157163088168794, 27.46088742594447, 27.887579179148872, 23.597019303760497, 17.631679127736977, 13.482730731428925, 9.82847145280546
12.94740829589249, 23.107502582146516, 24.697502523589897, 21.89362432572204, 17.115860806781193, 13.615947472793177, 10.349170376052548, 12.687406683486422, 22.473961535211128, 23.820513161227787, 20.86920444561645, 16.085637337582533, 12.630332806514186, 9.481034859623586, 16.026485260971686, 27.19948460795871, 27.578761291076134, 23.352525012472757, 17.476280889246613, 13.383039410834904, 9.76843165379722
13.245410117905433, 23.721721769500675, 25.40658535356688, 22.46115077668768, 17.52876618084841, 13.9181641988339, 10.571703114757547, 13.044154314999801, 23.024858908998006, 24.44607444317118, 21.454665033143385, 16.542311054183116, 12.964188972528229, 9.715520662923154, 16.760012410505517, 28.267920455213925, 28.38284719012869, 23.897341062165413, 17.873191214320144, 13.683060728983422, 9.990598098616431
13.159138002212012, 23.67273392641654, 25.33175793219992, 22.45304028483749, 17.54287892717801, 13.94803511425422, 10.592614331500055, 13.052762656257173, 23.13217262873319, 24.49799450951894, 21.459337248787012, 16.51719492223212, 12.949470836135976, 9.697550521425573, 16.51319778291143, 27.795170353030983, 27.93984516556134, 23.570985903512685, 17.619191799172018, 13.509236448280788, 9.85511240095035
13.372012356608984, 23.890540620338566, 25.570616962789494, 22.569898408651962, 17.58205393555343, 13.921256214386366, 10.556582698376946, 12.99956468756254, 22.996777215647963, 24.442529328688366, 21.394962441952156, 16.47438959993254, 12.893281579074253, 9.665479844334335, 16.22735083134321, 27.364250069084544, 27.749340296415355, 23.520384306275314, 17.667847314769144, 13.541172910717426, 9.910383022211594
13.179278819607223, 23.672587116164333, 25.316680852279834, 22.438600040835862, 17.49064449252825, 13.866664780516913, 10.515162677910055, 12.993300573513448, 23.013195987991285, 24.277428800274475, 21.218834161043745, 16.30741612275757, 12.777506497386911, 9.579549056264351, 16.32301294464709, 27.35611034137022, 27.59751309076131, 23.428920807231272, 17.508454699408894, 13.399073681392412, 9.779497717227393
13.519528446435958, 24.23052764213809, 25.95243722208486, 22.883195153564234, 17.7787524025172, 14.049992300027503, 10.629237519269084, 13.252236376711597, 23.399485542299946, 24.78499537537634, 21.59104211838458, 16.554819613433132, 12.93338079231546, 9.67488071832751, 16.914267658761734, 28.22429534509668, 28.454024227068864, 23.996973397498973, 17.912067307976237, 13.676295806267355, 9.960862629326387
13.498193263970478, 24.230306504491196, 25.946656935530278, 22.86747843670804, 17.766716031513493, 14.042558895319864, 10.623292832581011, 13.247847595002645, 23.374790328703806, 24.774484067767986, 21.61452145014713, 16.589756771022444, 12.969178229561983, 9.7043910986381, 16.789818918499964, 28.029569676666902, 28.33977245949835, 23.92639904537763, 17.853209934895936, 13.626821894282653, 9.917463517005167
13.185501322925447, 23.671281779112316, 25.340681944157353, 22.39454791430662, 17.465797098484202, 13.855535852215665, 10.514609059945176, 13.041442039771384, 23.101341896272075, 24.459071165443444, 21.366692404185663, 16.436897876612164, 12.87616048945475, 9.652136883809565, 16.31853521557176, 27.587478137003355, 27.820882244735987, 23.490437660077156, 17.584492715955456, 13.459941531045004, 9.826632053491256
13.043382719993657, 23.508162410507616, 25.259964750661954, 22.33632373070642, 17.423665927421922, 13.812510567576004, 10.48453600341405, 12.834489579571134, 22.72978399004359, 24.133902107672085, 21.0901103031964, 16.233954615518854, 12.718961615637514, 9.544445459337407, 15.977396937722357, 26.862764495001997, 27.287113966440792, 23.08986735958631, 17.27231574050121, 13.200905976407219, 9.637933164473035
13.071145776555, 23.5498655205142, 25.232734060600286, 22.36631059048077, 17.476860378345165, 13.893587541846358, 10.551638346519965, 12.942948875337537, 22.998826901184565, 24.299090544925097, 21.203498339109903, 16.314890341706437, 12.80840163002275, 9.610903182356651, 16.525496497531893, 28.065651158815356, 28.487677062940293, 23.96620308669676, 17.767735735183496, 13.508611902962178, 9.799462565643013
12.897789954911518, 23.260245155857213, 24.905933578937994, 22.07080007755319, 17.214372419772534, 13.65935644228761, 10.362329901025314, 12.850381758397857, 22.779245793302408, 24.028488789673794, 20.973473269750414, 16.120322409083048, 12.64204466451641, 9.480812334844762, 16.381167604826906, 27.465382267784086, 28.080964331871876, 23.857815926368122, 17.734447730053326, 13.491233940361541, 9.787543611544965
12.81407413045998, 23.078114968537275, 24.78473093862901, 21.957480107534437, 17.164161567305854, 13.632714722571874, 10.366972731310254, 12.86882066085852, 22.794532303275634, 24.082117576077025, 20.99477826991016, 16.15647788686421, 12.667451746079777, 9.514486257488002, 16.3115305917503, 27.471782355852934, 27.825595150220586, 23.398283068732855, 17.38521476492999, 13.217329016283795, 9.609614485103059
13.450342293945965, 24.043858135372886, 25.74129251495958, 22.669629572446, 17.592257297993996, 13.893818622667915, 10.508575572183734, 13.04573819726052, 23.099739758440894, 24.519822406940015, 21.397450406415906, 16.420886359795077, 12.836106124054313, 9.608141692105034, 16.447434151482007, 27.553580709068278, 27.898516038495817, 23.65319762725749, 17.73101130762352, 13.56856414675735, 9.894543320150527
12.934982513060769, 23.307180552327797, 24.964064121264478, 22.108563944268415, 17.26209694346948, 13.72328674974609, 10.426402642807895, 12.740384077587283, 22.6118732710613, 24.001402309036543, 21.07094895406786, 16.238576439358212, 12.742099728835239, 9.553181950971052, 16.176043752228807, 27.247419311286674, 27.49445079686213, 23.26979719172214, 17.40110305351191, 13.334384648777714, 9.723733818992558
13.317887936229834, 23.933691011124377, 25.657040975799248, 22.689701526760544, 17.69906587548209, 14.039746587395284, 10.653235705769141, 13.198210382621454, 23.365987833459204, 24.78943878559995, 21.66344633040748, 16.649575925670344, 13.028993322650713, 9.757360688932494, 16.85794064711114, 28.341528885872002, 28.768122904328504, 24.295639383506842, 18.08155250251203, 13.759170356938029, 9.991670137107802
12.672446721294728, 22.667288296336405, 24.29009248718092, 21.569498870421775, 16.940538970721672, 13.51028380166368, 10.312979540864115, 12.591197306703227, 22.32491536789082, 23.61625966156679, 20.634738511317533, 15.945031101065027, 12.539293731909611, 9.448158466858096, 15.748543112228024, 26.748222142556777, 27.159063446124836, 22.973961686794745, 17.233676947145653, 13.216352157400557, 9.689497546463144
13.10481147051994, 23.394297981026398, 25.049491959037564, 22.184689872644633, 17.324585263468794, 13.756948789704403, 10.447124539212298, 12.834258083764677, 22.70624811165623, 24.06008148340996, 21.042704941870788, 16.205460049181145, 12.71256170750963, 9.54270881341467, 15.971157583951372, 26.92703848397415, 27.278872423284305, 23.080734908461327, 17.26931321513879, 13.207719665081394, 9.637778180085014
12.94740829589249, 23.107502582146516, 24.697502523589897, 21.89362432572204, 17.115860806781193, 13.615947472793177, 10.349170376052548, 12.687406683486422, 22.473961535211128, 23.820513161227787, 20.86920444561645, 16.085637337582533, 12.630332806514186, 9.481034859623586, 16.026485260971686, 27.19948460795871, 27.578761291076134, 23.352525012472757, 17.476280889246613, 13.383039410834904, 9.76843165379722
12.988868291137905, 23.27653461388071, 24.91418983661642, 22.144135444578147, 17.3546859890691, 13.83735306051586, 10.531826162476102, 12.820797180124629, 22.69601047484043, 23.968183324027798, 20.990049074150225, 16.19622098419965, 12.744815016810731, 9.579252247426092, 16.213013303864663, 27.44859525863277, 27.655252199705117, 23.361057267006505, 17.449237235979545, 13.354599880637686, 9.734999247317662
13.245102472806503, 23.7146138602804, 25.43024176890357, 22.494510122718186, 17.548333855101408, 13.90567954059168, 10.550231591593349, 13.066923975352427, 23.133917975502, 24.442011898764754, 21.268738243281124, 16.34690201977974, 12.797811064979754, 9.599849403810236, 16.217390833577653, 27.547004251773707, 28.03890445090122, 23.612735849099657, 17.569015405166788, 13.3608107805861, 9.725779846500272
12.855899748763013, 23.13687257886975, 24.862489220229186, 22.065780885286895, 17.264185319202213, 13.724685850669823, 10.43379152685377, 12.84829052716738, 22.65411899163133, 23.938255290217224, 20.925941534295468, 16.121711185475586, 12.656313632764876, 9.505489589043156, 16.76874926355258, 27.871684545823094, 28.026740745716676, 23.59051966641983, 17.56465720778814, 13.396995511426066, 9.749347485609867
13.269272213699168, 23.837447826782938, 25.503018855615366, 22.592893008095803, 17.652451699934055, 14.035091676460645, 10.661356889187536, 13.044013310810778, 23.165841115438145, 24.57299850170486, 21.515296591612348, 16.56084137759045, 12.98742832825098, 9.735258927148168, 16.465725294973122, 27.82730333305517, 28.26018851968898, 23.90794041191428, 17.825257452174206, 13.606712375422001, 9.897295407328205
13.018767091300049, 23.356325707975188, 25.10510711377113, 22.269099117774026, 17.399912691235635, 13.815810134300248, 10.491780331754336, 12.841154750059863, 22.760527404012116, 24.18081103291679, 21.15578690515463, 16.291864060441746, 12.774998008028925, 9.585702841970276, 16.048944990439047, 26.995143549822785, 27.405313682981117, 23.227143407000554, 17.40305905752963, 13.327854631808162, 9.73526804186975
12.971578674150644, 23.312422748548354, 24.90388952392818, 22.04285686449546, 17.23897477635449, 13.709974241041703, 10.431460703650883, 12.675825186791103, 22.385547183148425, 23.666374831417823, 20.747090214624794, 16.026796041752554, 12.60035601962649, 9.478064618681445, 15.820655164583643, 26.74804414450822, 27.072442380935023, 22.955987089956352, 17.243192892335255, 13.241831317107913, 9.704906613338752
13.644007583623507, 24.576246861509233, 26.41232230458594, 23.287422666922012, 18.04781746468069, 14.231807239164446, 10.744958244259523, 13.476636676177726, 23.804368115944175, 25.231744359143487, 21.966319400311143, 16.799302316268843, 13.095685282512479, 9.773113145834461, 16.779714217174, 28.05199307451963, 28.5789195270589, 24.169497736920025, 17.990007092926806, 13.70437747222234, 9.962162619190776
12.94740829589249, 23.107502582146516, 24.697502523589897, 21.89362432572204, 17.115860806781193, 13.615947472793177, 10.349170376052548, 12.687406683486422, 22.473961535211128, 23.820513161227787, 20.86920444561645, 16.085637337582533, 12.630332806514186, 9.481034859623586, 16.026485260971686, 27.19948460795871, 27.578761291076134, 23.352525012472757, 17.476280889246613, 13.383039410834904, 9.76843165379722
13.172552419795034, 23.723613305880413, 25.4427510310163, 22.48848011767714, 17.520703967118415, 13.883822582827765, 10.524132253741618, 12.938147430542248, 22.924084060779307, 24.29978200357067, 21.22188804482132, 16.314298095555056, 12.77871947667055, 9.577019652023981, 16.483911301578427, 27.56164343995732, 27.790825877109313, 23.46948912260956, 17.538699436580654, 13.415605425069243, 9.782478539375177
13.663122385341966, 24.379467785731023, 26.166869959537873, 22.99826306282659, 17.925333911293535, 14.095158519020154, 10.701669452299601, 13.292872090117989, 23.48005760337424, 25.00126527534073, 21.732132880614685, 16.735870727852404, 13.00321994652022, 9.769592083067026, 16.678702352253026, 27.776851971373052, 28.214380228497767, 23.740718613016575, 17.829127275606048, 13.506702115299369, 9.900713729019788
12.888334158918154, 23.004347346113747, 24.692986159260805, 21.960006544651264, 17.237203270564493, 13.750151896381386, 10.491664070242017, 12.789578020967586, 22.675677135158246, 23.950583383538316, 20.909260826288985, 16.147347000188756, 12.709665493673919, 9.578234315592553, 15.297714920463367, 25.875963026975107, 26.444863428774312, 22.554179423051387, 16.99256488967656, 13.070366675939027, 9.601759167087913
12.964162164751205, 23.24492650609344, 24.841831747446836, 22.0211286108353, 17.239961656224565, 13.72449420849378, 10.443396261104768, 12.7698277102625, 22.65779418209886, 23.9405016994766, 20.924224178176274, 16.138121148789235, 12.683621280742944, 9.53510829598014, 15.952245426792262, 27.06120488930274, 27.507413740205745, 23.312907330680616, 17.4326587667991, 13.339978476881987, 9.735751406739265
13.405711595288928, 23.99640859891666, 25.70952655968458, 22.73388438938358, 17.71586107571216, 14.037318301431396, 10.638530712635477, 13.167473916487037, 23.2346338826438, 24.614849686895063, 21.490151159317683, 16.517267453420885, 12.93367953756798, 9.690468759696504, 16.585265588651023, 27.854247406206426, 28.29436301675208, 23.92536038333262, 17.846992145633138, 13.611414724641206, 9.905214947216445
13.156331307289104, 23.466390427805898, 25.147444787000666, 22.311049855002548, 17.444475780016027, 13.863279984030742, 10.53224589575038, 12.753279016113602, 22.649333112506078, 24.04958752460748, 21.057782808087303, 16.248193642206402, 12.765997557032792, 9.595037230520177, 15.826338225441432, 26.726296938228998, 27.138259514300778, 23.057135753497093, 17.318532243508823, 13.285759234212303, 9.720011783383807
12.833624913487323, 23.305885438310945, 25.052550900587917, 22.210932587579695, 17.377170995819107, 13.828001713638939, 10.518196405388915, 12.645634533716931, 22.64214861258797, 24.024571386542217, 20.99984300029559, 16.180110414371615, 12.708088047662635, 9.546372016515695, 16.072395420474805, 27.454206914768275, 27.730139738835124, 23.331423006595134, 17.383716846380274, 13.270177879848433, 9.662712140211482
13.256376316262434, 23.64637722060654, 25.34566391670532, 22.458192542124145, 17.479267440391492, 13.851283467701657, 10.5071678416753, 13.044331378810144, 23.04469027077713, 24.447092842136584, 21.373752305647905, 16.408057481297007, 12.847408044831324, 9.629212408891059, 16.357689336062982, 27.494344806527064, 27.692475050321832, 23.4221448301968, 17.538781787879493, 13.452353247764563, 9.827544570368731
12.642595864007882, 22.952073537732673, 24.659394945882244, 21.83334826371416, 17.061500702151488, 13.553763457710172, 10.304769877393941, 12.606203221525735, 22.516574898963494, 23.855690035720258, 20.805422444214464, 16.006026007002433, 12.550545548838373, 9.424389878715994, 16.23723739479776, 27.630750260060395, 28.13484445538716, 23.68702593004091, 17.568536952280084, 13.335331821232945, 9.677177456172753
12.790100958816272, 23.02298206402312, 24.715717056340257, 21.921860317934616, 17.18177833947924, 13.700511926889993, 10.445763463548174, 12.64759976089038, 22.46976314316155, 23.816522937340714, 20.829264828681183, 16.058907299121106, 12.616957677134925, 9.485360230318667, 16.328582702082347, 27.709627079220702, 28.022409316690116, 23.580807733198785, 17.523226346134532, 13.331752527731947, 9.684494224088851
13.644007583623507, 24.576246861509233, 26.41232230458594, 23.287422666922012, 18.04781746468069, 14.231807239164446, 10.744958244259523, 13.476636676177726, 23.804368115944175, 25.231744359143487, 21.966319400311143, 16.799302316268843, 13.095685282512479, 9.773113145834461, 16.779714217174, 28.05199307451963, 28.5789195270589, 24.169497736920025, 17.990007092926806, 13.70437747222234, 9.962162619190776
13.216259131771793, 23.644173970742415, 25.361700640714794, 22.46471144673426, 17.52696868555129, 13.899898670134284, 10.541357443785355, 12.941858232314642, 22.957831340283448, 24.264877848187695, 21.146284790038823, 16.265775667133237, 12.75255623691415, 9.566919600715995, 15.718936390801574, 26.820761172319045, 27.42703103490551, 23.25308792127618, 17.401273306024066, 13.309244275438132, 9.719988928631281
12.929677002332182, 23.212401113064345, 24.83735482038422, 22.02073563267736, 17.2477683763154, 13.7360927574458, 10.45821160386136, 12.716195013923592, 22.54509012760083, 23.815599955759517, 20.82270147085999, 16.072489182120027, 12.64444278433128, 9.516366122015631, 16.3598640318961, 27.71129328320481, 28.05939659567751, 23.60699668280411, 17.543846401868, 13.355385213851129, 9.715295675021848
13.469216669203385, 24.06048693257908, 25.791423457624077, 22.70678662923814, 17.622515890377784, 13.901240464419082, 10.511394343824469, 13.059311574004687, 23.127190313901266, 24.553804757359387, 21.38011473337538, 16.40422861014274, 12.809833641168517, 9.590387353621924, 16.479726482198437, 27.73347408393512, 28.073652464307017, 23.636370646178396, 17.620099502691453, 13.413241741154302, 9.768997199392553
13.703857126478384, 24.625473594258956, 26.62700023152133, 23.61560689572254, 18.17677815558698, 14.326962332306088, 11.016213087825038, 13.100873633059484, 23.157942544346763, 24.593562812941904, 21.540549612199086, 16.559302108684438, 12.951892745757107, 9.714440874100852, 16.25479240644018, 27.160754152853862, 26.728269733500408, 22.250890634811963, 16.953137774613758, 13.055104633000589, 9.228268097447813
13.085918784794117, 23.573573533082246, 25.207018257357667, 22.308668518614308, 17.40280552353212, 13.820307794991827, 10.48819575616886, 12.884569883386273, 22.922934778464533, 24.27477452034387, 21.244411085448235, 16.347921949906215, 12.823874451354664, 9.615135543524309, 16.404663563527066, 27.76195352866219, 28.060939820785364, 23.694287140942393, 17.649053664207766, 13.471258482882023, 9.793462517415412
13.653481415629937, 24.537140100581656, 26.203291158518155, 23.152322134260032, 17.971820402385127, 14.187550821685928, 10.731176471161323, 13.401660387034758, 23.710781184917185, 25.079616346076293, 21.99390155581681, 16.886457923449093, 13.179975515791105, 9.85288790240078, 16.732860998266005, 28.493813776858943, 28.75704786636437, 24.33146435268515, 18.15692685977538, 13.84676431481999, 10.092622087596125
13.67455306723068, 24.385513532901374, 26.259771205768516, 23.065240299330874, 17.9328341142519, 14.061498995699207, 10.650907731099418, 13.453320071821096, 23.712346438788195, 25.19640436887665, 21.820868318316112, 16.752205166340925, 12.988974222688611, 9.740610546162054, 16.583091622313507, 27.742910001486507, 28.23320777510636, 23.718582117343065, 17.751289358580244, 13.41632754835106, 9.817778676247832
13.210157933074925, 23.806722716007485, 25.46458690000769, 22.525405490881354, 17.562590299732232, 13.935691390231364, 10.56832292672724, 13.104190575287253, 23.287637331739294, 24.703518879958516, 21.622437663344595, 16.61522014790255, 12.998962593579853, 9.719289608175735, 16.759570911171235, 28.27629730045501, 28.720447510265593, 24.331222933792198, 18.173204098362095, 13.898648884425347, 10.121565322633122
13.164152633890833, 23.66181367224149, 25.356906890434708, 22.467249385443893, 17.562267217082585, 13.952174347480147, 10.59995415421315, 12.954729537932007, 22.928940849486953, 24.241069747470704, 21.17583702203959, 16.31510343648989, 12.804608440433833, 9.615089512498662, 16.284838271967978, 27.371521017640692, 27.641566514228515, 23.36294988512935, 17.485688821670156, 13.385775986895952, 9.77509157560309
13.464879655770595, 24.349659694248018, 26.278373882432568, 23.122056437894706, 18.02735298837247, 14.17590993038352, 10.765922679219731, 13.415589741807096, 23.82374699113575, 25.312722820823716, 21.92799725454966, 16.843803821443867, 13.06713047231107, 9.807474682550485, 17.028652642469297, 28.649280580886067, 29.118795465635632, 24.27966485735258, 18.02167398632556, 13.522907035220149, 9.838175824374886
13.464502647203126, 24.51469008945812, 26.266343370506565, 23.082158091061913, 17.908681880724213, 14.147702462707729, 10.71134494062626, 13.256775991535417, 23.502204836954938, 24.877258018545632, 21.779120351804494, 16.758485027248703, 13.107962066866868, 9.81044947890772, 16.979298060291697, 28.637856938176043, 28.783344285834424, 24.284551035683617, 18.16280560104582, 13.899509978917669, 10.151183000258536
12.897963132990784, 23.28473195022184, 24.957399891428736, 22.06676970086115, 17.230854218514803, 13.692776829356808, 10.438525789817795, 12.781533000290391, 22.7145836595406, 24.138352349511365, 21.223881791509495, 16.416618527938628, 12.891093990057797, 9.69001613461062, 16.448342373523616, 27.71022278964072, 27.839820809384985, 23.54895066565092, 17.7333181731838, 13.656534416571365, 10.03307905537268
13.116953202433862, 23.73483131760729, 25.48644038970896, 22.59262160832839, 17.60159671777244, 13.944378091900566, 10.563304225473418, 13.052983165038295, 23.317242761476678, 24.71089883427736, 21.584363668486684, 16.551263012141426, 12.932810051811883, 9.668917976123714, 16.290021381422818, 27.881784660041312, 28.270096882716437, 23.885763193425557, 17.758126085669222, 13.493168164490472, 9.780175269394242
13.15894183911393, 23.54093850463763, 25.2178196935889, 22.302474906429563, 17.362309330550787, 13.754896092599934, 10.416605470871922, 12.858853382565052, 22.86379617686741, 24.272217363207755, 21.190928393047514, 16.27776290797586, 12.747690592215607, 9.548135576248981, 16.206623566228785, 27.500784030770483, 27.90629586303148, 23.585573005040597, 17.610542067188476, 13.456416075755797, 9.797768192913173
13.01918432462191, 23.20728296766454, 24.80614444490785, 22.01116915359139, 17.232466325585058, 13.714119696214345, 10.431617352530063, 12.766852042741284, 22.57848066412651, 23.868746598960954, 20.87681087739052, 16.111302399345856, 12.667646666578195, 9.526866420009936, 16.067200280378263, 27.219031938510042, 27.64730288767135, 23.42062340708885, 17.53385579812463, 13.419084750168203, 9.801693309439473
13.107344382875048, 23.601228538521614, 25.32156899142626, 22.39907672972604, 17.47427759855296, 13.867696316628061, 10.526719737203003, 12.960700459660622, 22.890146719571113, 24.23537004345703, 21.17896612612811, 16.289382578040854, 12.767006316737975, 9.573254912446195, 16.558535995996916, 27.923155865649704, 28.206555454010527, 23.741601777772583, 17.65766347173085, 13.44666632759784, 9.77116005644422
13.215608949969733, 23.92357293683976, 25.61154952220848, 22.691871900790137, 17.70442999429116, 14.045353359491337, 10.661041206919805, 13.080593023585712, 23.279030028646837, 24.53652198842166, 21.44629686328917, 16.49215409003662, 12.920732902826774, 9.688467981440123, 16.31820033556367, 27.996446675132717, 28.283586372422818, 23.825707463087838, 17.705203630642973, 13.465565681075237, 9.786674923914264
13.269272213699168, 23.837447826782938, 25.503018855615366, 22.592893008095803, 17.652451699934055, 14.035091676460645, 10.661356889187536, 13.044013310810778, 23.165841115438145, 24.57299850170486, 21.515296591612348, 16.56084137759045, 12.98742832825098, 9.735258927148168, 16.465725294973122, 27.82730333305517, 28.26018851968898, 23.90794041191428, 17.825257452174206, 13.606712375422001, 9.897295407328205
13.022338372870665, 23.38397434090309, 25.014624802067633, 22.164947627875012, 17.308747935111665, 13.75743367047916, 10.444983016142364, 12.768485836456724, 22.709307134303906, 24.014561181974457, 20.987494807240477, 16.164506102274174, 12.699328609990953, 9.534006900291695, 16.16476573772897, 27.20604714989571, 27.42754859265054, 23.20347765548774, 17.349283090800224, 13.288618747677326, 9.690043245419814
13.398836120377482, 24.052425098026973, 25.83783330287922, 22.860735457277507, 17.80082481820117, 14.094445245159589, 10.673121630483676, 13.182045651553324, 23.297108229831096, 24.69033936212324, 21.541230884376912, 16.53655041678472, 12.937307337538892, 9.683029853373894, 16.545791351024214, 27.622962288990344, 27.880371993232103, 23.563684342353255, 17.620407491714214, 13.487038639345277, 9.838025984745398
13.135828160883547, 23.50406634310516, 25.13840439907807, 22.269523211708954, 17.393073815630267, 13.814319799005334, 10.506350202047228, 12.923398666198016, 22.851306246387573, 24.19797830812079, 21.206413059582875, 16.354696655207675, 12.836714242332782, 9.64876141895673, 16.292666776537242, 27.47175717696472, 27.59487150676891, 23.3027425416509, 17.46197952565493, 13.395793775479092, 9.808455855798526
13.002597855583904, 23.467117922587292, 25.17441602229876, 22.313662128511847, 17.43546736250059, 13.860770363224045, 10.529289197638018, 12.970340910827112, 23.03168502328955, 24.398632555631153, 21.344555996969778, 16.42648756119927, 12.882016244612846, 9.655845266481778, 16.53589475958534, 27.874537289359452, 28.08480358478444, 23.686826758407747, 17.678358018270597, 13.521952886018628, 9.850779516236887
13.21700968948873, 23.802647198920347, 25.493027023882675, 22.611786471373023, 17.68586384341934, 14.068925577122652, 10.694144679303141, 13.028308600783703, 23.035731565518688, 24.35505420089551, 21.312261803831028, 16.42264310485948, 12.89827368489148, 9.68241770879566, 16.208404782751145, 27.12543652824332, 27.530150477703813, 23.349897413841013, 17.455554324723813, 13.3648945261269, 9.750244224425497
12.940018712717656, 23.265004134978575, 24.96801062069528, 22.153297725708782, 17.330202727882117, 13.781119276755524, 10.476161986559312, 12.859633545982465, 22.749728219395315, 24.02058403584637, 20.955237710682653, 16.131905784576855, 12.663854854116515, 9.509667855603048, 16.400358391758495, 27.496132751534866, 27.780743183973694, 23.414153302097187, 17.431310893997484, 13.29549494258634, 9.678454420777733
12.58529620435252, 22.533978189711515, 24.155591955306956, 21.4904965058088, 16.87475104543753, 13.465266054330154, 10.269889892564853, 12.398081173131166, 21.987933228912098, 23.288380344372804, 20.4012224380685, 15.775423796605356, 12.428305003359059, 9.366878567295545, 15.907366191303485, 26.87571207069442, 27.240326386946144, 22.99302080523607, 17.15149279494421, 13.096351158013773, 9.549550085494783
12.22825336123083, 22.085249650389294, 23.65926489285567, 21.12188167255411, 16.661970665737186, 13.362435400572098, 10.22931909739781, 12.130883477578154, 21.558918766553866, 22.680769405902115, 19.888866389415455, 15.427141288941504, 12.209101632579387, 9.229466903305218, 15.25834205247056, 25.87643945401693, 26.121872190183716, 22.085801102692315, 16.505908171999014, 12.651121534797047, 9.246513204557385
13.531480982542261, 24.27066065535726, 25.96731299465305, 22.856442581135568, 17.735690000862025, 14.007205744770252, 10.590064267673782, 13.202208872118518, 23.306018255506373, 24.804945628697673, 21.716260912682507, 16.674078116578915, 13.019412479689606, 9.726454154843374, 16.854352721549716, 28.24172103819162, 28.678429182080247, 24.25712433280677, 18.107105634905196, 13.8233387698326, 10.06517675899827
13.514891024566051, 24.25972055141356, 25.987909800940855, 22.9674693326682, 17.835296059611178, 14.085234678191032, 10.657603355778328, 13.251163319657039, 23.415984273957147, 24.78579984525436, 21.67815324671526, 16.63049504624998, 12.99054930710303, 9.722632604347439, 16.376477995823876, 27.658275994726097, 27.97137759561931, 23.765443496464968, 17.75734636264421, 13.553427132692864, 9.88468176363936
12.982082289913281, 23.270127719551716, 24.92786226489205, 22.127532169127125, 17.34856850418963, 13.821449721594792, 10.529531096862186, 12.766062711545306, 22.67900599034583, 23.983816067524337, 20.957596828443016, 16.18028780243273, 12.724766271423443, 9.577656909139922, 15.863475423374734, 26.660621108771615, 26.958442335581864, 22.859478894924642, 17.1703800766963, 13.181147016075577, 9.65518436359016
12.773889678517145, 22.97971673858724, 24.60300912416646, 21.860737197779546, 17.132880759294327, 13.663424454915527, 10.407146562712956, 12.623138247826997, 22.366618440388898, 23.672567787232065, 20.762722645418865, 16.017684896728547, 12.5974205781791, 9.466406135813115, 15.995755894341372, 27.005076959378947, 27.26909028284733, 23.075575012857005, 17.234630640948843, 13.18897605199104, 9.613420648654525
12.762722406553886, 22.92907993394422, 24.557219113568742, 21.768627034976976, 17.05879207876201, 13.594048179697678, 10.360383703058996, 12.681421825773715, 22.520028081083762, 23.891030523197944, 20.94759845462868, 16.182718260576806, 12.718935387379119, 9.563525346005479, 16.151168588989144, 27.35987978997132, 27.783790472112514, 23.560648151330582, 17.67921452478068, 13.56357387291748, 9.928706615003616
13.00444681368968, 23.32951217695721, 25.088893820877182, 22.271323396650192, 17.39616859529252, 13.814359262606608, 10.484521098907628, 12.987431063894707, 22.954281502285557, 24.312731347695525, 21.235846825121033, 16.333138985981797, 12.80793228577217, 9.603309138702675, 16.58828201532716, 27.771656100631134, 28.117673087928573, 23.741888154883416, 17.68397090304355, 13.502971805987007, 9.82466001975691
12.948816710174281, 23.243637752532152, 24.877692335356492, 22.140997050642053, 17.362580429834207, 13.84459124935723, 10.553608046404731, 12.853596393467173, 22.716002993717584, 23.982055098072117, 21.0097423567297, 16.21732015285533, 12.764563287506846, 9.60969036650734, 15.986407995782786, 26.61735361676163, 26.92833729621183, 22.964435026555897, 17.254064577719852, 13.266482751956087, 9.72214509916552
12.989196938464687, 23.404848042217058, 25.082537349790286, 22.215887851550747, 17.374653877714394, 13.807862874694278, 10.5105196984216, 12.905502588354489, 22.84250578938756, 24.170012743201397, 21.126796738562767, 16.285818761960332, 12.77972948367171, 9.609046272176576, 16.298955641009638, 27.167746410508627, 27.318864293288428, 23.10562423832448, 17.340646797678996, 13.310192905699852, 9.759118375438362
13.317887936229834, 23.933691011124377, 25.657040975799248, 22.689701526760544, 17.69906587548209, 14.039746587395284, 10.653235705769141, 13.198210382621454, 23.365987833459204, 24.78943878559995, 21.66344633040748, 16.649575925670344, 13.028993322650713, 9.757360688932494, 16.85794064711114, 28.341528885872002, 28.768122904328504, 24.295639383506842, 18.08155250251203, 13.759170356938029, 9.991670137107802
12.7440133449711, 22.82554594798844, 24.515982661740193, 21.724625576020316, 17.13158691070683, 13.605213246887645, 10.431533478052781, 12.565946139883575, 22.25351532525195, 23.628302967374623, 20.63333561622403, 16.026931005030274, 12.553457109455895, 9.506547498187036, 15.667485918069211, 26.368307267359977, 26.711767520554346, 22.515139806301555, 17.00709613487831, 12.96476942638887, 9.567827807926538
13.350329757471172, 23.92144815214728, 25.62060875777192, 22.660136962228357, 17.672293325202702, 14.0136944610582, 10.635387707919442, 13.156290213421752, 23.15732017377374, 24.49551465166236, 21.429318070551872, 16.49427291789015, 12.920508995488415, 9.685917786620484, 16.312121129476807, 27.366681764842454, 27.5090394877035, 23.282949221112577, 17.49621160563562, 13.438717789946267, 9.842213234346366
12.947488522229778, 23.22062414387854, 24.847353202388184, 22.006367326392933, 17.20469098646269, 13.677463173377312, 10.398975183626687, 12.631622362951951, 22.432464963096145, 23.743539819478613, 20.74641867529233, 16.000585734929544, 12.575801674282213, 9.45839315251333, 15.878430537474973, 27.004670771050485, 27.40346259682594, 23.08849352505359, 17.198367129203103, 13.11390746302805, 9.55527753121842
13.663122385341966, 24.379467785731023, 26.166869959537873, 22.99826306282659, 17.925333911293535, 14.095158519020154, 10.701669452299601, 13.292872090117989, 23.48005760337424, 25.00126527534073, 21.732132880614685, 16.735870727852404, 13.00321994652022, 9.769592083067026, 16.678702352253026, 27.776851971373052, 28.214380228497767, 23.740718613016575, 17.829127275606048, 13.506702115299369, 9.900713729019788
12.980105635226405, 23.435469429638584, 25.117890684675157, 22.229156166570004, 17.34561887717128, 13.773305994665453, 10.45172721538528, 12.86995099947733, 22.830658382414228, 24.166350227603907, 21.111009388122493, 16.2350406279002, 12.7312771835653, 9.542815486006969, 16.453168491227764, 27.54037296395198, 27.89699336184967, 23.58799651303867, 17.585118080096194, 13.436784623096477, 9.77948189463474
12.800165835108462, 23.077223695829538, 24.73699596366976, 21.888323943830443, 17.1027611931555, 13.5804813773202, 10.33399554948874, 12.782550773809337, 22.63511306369498, 23.88020850220708, 20.840301356705513, 16.055537221210088, 12.593181441527793, 9.469297724069717, 16.141490549713918, 27.473317818993223, 27.799365859261478, 23.468724552203458, 17.540044042352157, 13.389172010573986, 9.780990133023206
13.002191686915962, 23.40338259840594, 25.080378753889292, 22.248086181405288, 17.396413842313777, 13.839861365070963, 10.517799360197085, 12.904546124097294, 22.893961770160605, 24.230683675528766, 21.206644850652673, 16.328460054281557, 12.81250443039637, 9.606523612795275, 15.914165211139292, 26.913107920555767, 27.31902255752491, 23.164282927317352, 17.335069975694754, 13.283530392578221, 9.694757973512054
13.316800776611368, 23.962411488537416, 25.68939371243784, 22.701975678782638, 17.67428220172441, 14.008821897138608, 10.611172100235333, 13.052520674938055, 23.073409800076966, 24.48068287121049, 21.429647333418593, 16.466077000396794, 12.892927880180448, 9.64675275017444, 16.959204266296567, 28.36849710593913, 28.613411933770053, 24.10637499526349, 17.914113293620407, 13.649006676722697, 9.903057040738966
13.018221428298247, 23.242698463832557, 25.0252274265467, 22.107103778468694, 17.32023699944169, 13.672865299239682, 10.420218727955671, 12.715670663285616, 22.496001567328186, 23.976769306781105, 20.911515774416383, 16.177608722024573, 12.624766438515103, 9.523048090010786, 16.220845413616985, 27.292136313127557, 27.77397206042619, 23.343009888087636, 17.50188354390342, 13.248036942032012, 9.710691905116272
13.437391403570278, 24.264970706377756, 25.958008913367514, 22.87992180015083, 17.77921502372218, 14.07057225431621, 10.647304549799593, 13.266376606948375, 23.454114459225444, 24.780005353321734, 21.62740292459643, 16.592327781367345, 12.978994964589827, 9.704337133986106, 16.626887260544233, 28.1709276840018, 28.591948183254864, 24.107904428491057, 17.891284628411153, 13.598908923627304, 9.85478842983607
12.86779063943263, 23.05238369085478, 24.715568373648544, 21.930540328007186, 17.161189294618747, 13.654282451479194, 10.3860891285625, 12.617475107294993, 22.32544106790695, 23.650365954857943, 20.702705241964374, 15.978257231939367, 12.56579409005906, 9.451521641182364, 15.977962476594314, 26.840374006116146, 27.058347072207305, 22.873027174931025, 17.121191748354818, 13.112636905347753, 9.576157244967325
13.247031860836113, 23.63812653866203, 25.348811626260115, 22.458272357671152, 17.52349624982967, 13.89864876842393, 10.540736912195158, 12.925163062514493, 22.863899899674568, 24.239127374728675, 21.182776646270504, 16.30209846735829, 12.777471285002749, 9.581736202790177, 15.797300937316702, 26.70993076374399, 27.24672839735179, 23.174986797953135, 17.409826144744645, 13.356813503912473, 9.773844742603087
13.29968690754572, 23.984950810732087, 25.69136199374229, 22.72323542634868, 17.682953474173722, 14.003207006220217, 10.60239917665451, 13.173871838340492, 23.37282393723491, 24.691014985602173, 21.53280876482683, 16.515129062547928, 12.920305060650694, 9.66736801073622, 16.67084469300735, 28.16734640827574, 28.431175846566227, 23.970133290259785, 17.83597599068006, 13.60361579382559, 9.892911072112131
12.954001483502848, 23.31675216001439, 24.956511350693297, 22.090670267871904, 17.267819312736933, 13.724055416825237, 10.432063613847678, 12.629412235870953, 22.461808790703248, 23.780222328258986, 20.77976268501589, 16.02241871959864, 12.586799603594033, 9.462316487616327, 15.908769175982167, 26.941544874570624, 27.257036174022737, 23.02837582984752, 17.23004731009958, 13.187782242988103, 9.634902118055448
13.011386469436651, 23.413690505175072, 25.07959605995482, 22.20037100844373, 17.369117443149747, 13.82301134562306, 10.521567734004327, 12.799095783023775, 22.73716840962916, 24.057498805824423, 21.004604963650404, 16.182220783112093, 12.705097366399048, 9.547625084621128, 16.33191847417965, 27.575363009708127, 27.83188726897628, 23.436029961519367, 17.46423173095517, 13.325064222799078, 9.707001820272145
13.498982090336021, 24.269311359805748, 25.93190851700965, 22.88455477715748, 17.799083148495733, 14.095689711634552, 10.669060745832274, 13.303527326857168, 23.60709185020073, 24.96967673882947, 21.77449706246955, 16.69811886535692, 13.057133133138866, 9.761390389943505, 16.469091905587167, 27.967490265637764, 28.40693636147173, 23.985367962338845, 17.84551040666242, 13.594685702883467, 9.868381782408296
13.572029443679918, 24.470962202223888, 26.164918665716797, 23.039229840453736, 17.883592268315784, 14.133268889477911, 10.718071099766258, 13.203069011989957, 23.31113673330624, 24.70924228219012, 21.72576682604772, 16.769976580885544, 13.13524073271804, 9.84029134774693, 16.454332847316074, 27.68727181679848, 27.830095398158498, 23.57619927721521, 17.753458541366882, 13.669258202242775, 10.032247536046546
13.089740171622594, 23.550845039078787, 25.24317440939899, 22.379965024552913, 17.447434249468053, 13.836282952870146, 10.489319070513117, 12.97521880020625, 23.026686071602356, 24.359225690776988, 21.293433889742207, 16.350609900653243, 12.799348393489977, 9.583246862854779, 16.485950944051762, 27.951111258975992, 28.429249672144984, 24.055075867905753, 17.895337953395607, 13.626541210824161, 9.890828676642213
13.283147871056823, 23.66754092588902, 25.446458107737023, 22.47702813274892, 17.61575356303795, 13.898631355476331, 10.590126057106577, 13.086750814949772, 23.043618928682218, 24.42395556877203, 21.237884545476124, 16.411747258430704, 12.788807283784191, 9.639574067293132, 16.16442687537328, 27.051302346991278, 27.506046024904286, 23.20306754772994, 17.48617938989819, 13.282390360791956, 9.771985886503469
13.484049051085647, 23.98314101244866, 25.73593826292001, 22.666428669429223, 17.71503168573898, 13.956915720486109, 10.617398246595894, 13.154608634552842, 23.231005494642062, 24.739678189460374, 21.538904286195617, 16.612337070384214, 12.923333172496374, 9.719846984853016, 16.454231099416006, 27.779525738305306, 28.45491014759701, 24.00348354156096, 18.01154661233111, 13.630447857452216, 9.979537132283507
12.742643850401818, 22.939541336223222, 24.605644010685907, 21.87302397252535, 17.14623203433042, 13.671563388588202, 10.409687832089983, 12.70101927654009, 22.503532691845997, 23.763924373679387, 20.781205112222047, 16.026145842560215, 12.608665429544674, 9.47762885575591, 16.201419135783006, 27.373948341529317, 27.607599305090794, 23.262044718630396, 17.329033965676256, 13.239786849900627, 9.634822044290486
13.113637101751525, 23.56124362638491, 25.24944033608002, 22.37527263172611, 17.503150977561006, 13.919102622159203, 10.586173545569194, 12.979349360468166, 23.005364481917127, 24.36003955058745, 21.284225996945146, 16.391474529449656, 12.858775788733965, 9.654313920653836, 16.24864671658493, 27.458078960486574, 27.91994680412563, 23.61953747217708, 17.62561350462532, 13.446179192449463, 9.794030769013776
13.50461967978928, 24.025159312175152, 25.687626785399004, 22.619092561519803, 17.570196983021145, 13.8735689449232, 10.49663675009844, 13.042176594649554, 23.134062256682085, 24.546812731191334, 21.374695995605276, 16.413297641679222, 12.828029239129698, 9.609979147925046, 16.327655997931476, 27.625633921496238, 27.98965002751194, 23.594111114914135, 17.608536681172904, 13.413619924635574, 9.775614920611973
13.401834469740447, 24.121130257573075, 25.734384438261806, 22.69158261361451, 17.60694588891849, 13.904837336315031, 10.52337743469275, 12.884912749656996, 22.919966234224912, 24.36924482732725, 21.420821741003518, 16.481745974100026, 12.888382243159382, 9.652736089702996, 16.292785285152043, 27.40442462869085, 27.550918593807005, 23.399810607848142, 17.55830297633179, 13.469622875147582, 9.86327666757769
12.973342952396681, 23.379440618917954, 25.05603836711013, 22.261748925810206, 17.430003551566355, 13.880557804502036, 10.556418874041475, 12.871442277500417, 22.793561781795834, 24.045123814126367, 21.02261354091098, 16.197977263761185, 12.733907629988245, 9.563850170125622, 16.239862884737047, 27.41960349421936, 27.753057307718514, 23.4357025271138, 17.445280125895525, 13.314852416487579, 9.685751401200992
13.293968859628933, 23.940906392600393, 25.70460732530671, 22.762700833025068, 17.771113697085887, 14.102563657715654, 10.704146854571412, 13.132908654657358, 23.182353685659884, 24.551276760696425, 21.461533118964052, 16.513054095087636, 12.93874759946398, 9.69927389726996, 16.618108432311846, 27.862657049254036, 28.13637529631989, 23.720422753615356, 17.691001475147345, 13.508739007085806, 9.840177073312244
12.681297681242622, 22.84126790744526, 24.42666804297925, 21.663581376087038, 17.01429242541983, 13.577738558073486, 10.37015176235806, 12.42890077773017, 22.05681279396441, 23.30450657028083, 20.39187324166174, 15.7864156783348, 12.445816506013397, 9.39793103140739, 15.6437594406679, 26.460147478611866, 26.79768273277326, 22.647540903125986, 16.916254462330784, 12.909620192428012, 9.425614865818773
12.566925760632268, 22.481001063681344, 24.027319308451702, 21.3654797198546, 16.789981870811598, 13.410906966799477, 10.237819220361658, 12.232804472188958, 21.73071431474868, 22.98961676049761, 20.162574491783463, 15.633528715544323, 12.347896529763606, 9.327336305046808, 15.39903896801736, 26.059396604333852, 26.468149755945348, 22.408763032825142, 16.767755417073236, 12.840867516764884, 9.393673448613967
13.318586752334149, 23.94737024426503, 25.634735873890698, 22.659969780904902, 17.66006419491361, 14.003621424907845, 10.616038688472594, 13.041711934737108, 23.124393018547096, 24.542901478063186, 21.480472491990117, 16.522567563789373, 12.941341699522136, 9.69190320047751, 16.69516238840082, 28.109253599140366, 28.417947023307693, 24.01481137281382, 17.946888043436466, 13.729287243950102, 10.005902327752105
13.622182891430523, 24.412244450841904, 26.180841514485927, 23.074029515338445, 17.903191772361176, 14.132842947702349, 10.678256433068906, 13.352533065040413, 23.56043491465671, 25.027491471924314, 21.84768707694393, 16.74310091931961, 13.062752842948886, 9.75430455682563, 16.62091562469927, 27.845801797989193, 28.15984275990487, 23.81853356301111, 17.822856129496014, 13.633551080149621, 9.942168521283207
13.081932637540024, 23.502979235172955, 25.263623269909594, 22.37344585094459, 17.47252156273903, 13.85778625816105, 10.524120564247713, 12.86295557344927, 22.789706087135364, 24.182854704043322, 21.119822048928512, 16.260854487591686, 12.740858166827188, 9.564555570417234, 15.89748354382688, 26.752682874884634, 27.23020377573554, 23.068339900986334, 17.273194179403234, 13.203480970760662, 9.646037029181583
13.273297715643746, 24.039597897247692, 25.835917576678725, 22.840265182771144, 17.823787260124284, 14.146676884902151, 10.74443888135879, 13.252120077504957, 23.532630231250277, 24.931197864286233, 21.775040699689505, 16.737080818034954, 13.093157756035657, 9.801840110658565, 16.480471300710835, 27.81871900248671, 28.169309617220044, 23.78139728632421, 17.751605613776512, 13.561111183625272, 9.885493683201913
13.37705998785982, 24.057550556836283, 25.855678378510255, 22.84714077838956, 17.796263524674348, 14.080111815551641, 10.668947079829264, 13.14570501327774, 23.294384045663342, 24.73015710771537, 21.558673409283944, 16.55874552049569, 12.94350331187685, 9.694695219045906, 16.464575451864107, 27.624879928963896, 28.06626524721962, 23.696895746347412, 17.6929836334835, 13.496599343795394, 9.839901107910475
12.84149839316713, 23.194927896386123, 24.894319447014787, 22.022300067152756, 17.18411177807295, 13.64319424828471, 10.359908860248911, 12.698700301547287, 22.58578277052402, 23.915259825782172, 20.862537141679365, 16.040072059097298, 12.576273328993823, 9.435201816334992, 16.35662772145671, 27.786983730068883, 28.126478584015835, 23.62054008095968, 17.515155486605753, 13.310246069934879, 9.659792637245863
13.43042644663992, 24.06593795061223, 25.766665652565493, 22.706106621061572, 17.63597371978848, 13.939075502650669, 10.543509258354216, 13.147580695036433, 23.24993547820258, 24.698540016342314, 21.590778056834168, 16.57703118475092, 12.953865900685056, 9.686614218195754, 16.85521454827413, 28.43751186356572, 28.763937302110328, 24.24668444556473, 18.064208421905654, 13.776494707553123, 10.018481056208422
13.209514634564634, 23.84331919719464, 25.601910282272485, 22.581044016559698, 17.58095605235228, 13.91284072174265, 10.54821482179313, 13.04189894240058, 23.09747636416143, 24.474721983517316, 21.336643889043696, 16.384041176496467, 12.808020027557804, 9.596338618268426, 16.485807419226216, 27.802420525172277, 28.16039278812145, 23.679665271007416, 17.60663596873289, 13.382087391836816, 9.726318057017474
13.219248880281707, 23.674511537649472, 25.447267671956496, 22.342764482117904, 17.391670608668704, 13.66096259197071, 10.366417712182892, 13.048694132030942, 23.099826887332426, 24.538487167914823, 21.262027066090916, 16.345504986847597, 12.695476289583818, 9.537211454975138, 16.71134858803091, 28.13900706047136, 28.613210549479685, 23.898829443661924, 17.786722791686923, 13.38785061261806, 9.766531111309856
13.59311090768124, 24.506106064614027, 26.22564353657866, 23.112421838366817, 17.930672036116356, 14.17047924313285, 10.713923967434274, 13.347122789253397, 23.539321005637895, 24.887045362188765, 21.815618776702394, 16.76516358859989, 13.111455008776478, 9.798780061781065, 16.946943275196453, 28.750706386585957, 28.90255581066569, 24.382884610408272, 18.198865113745903, 13.909608898981464, 10.130265616913299
13.025255840594678, 23.19775983760251, 24.779459629815012, 21.9477067480585, 17.14115610707502, 13.631704116297586, 10.355443179850766, 12.605995282841203, 22.24879315514047, 23.633682074037363, 20.785134870266365, 16.05251498080963, 12.621625478536712, 9.480621674603725, 16.044589599279092, 27.05653122023639, 27.314403233976183, 23.170837242847394, 17.390952544711332, 13.355170522653456, 9.76326041847528
13.133576527725872, 23.610835241807997, 25.34604610549307, 22.46772919821996, 17.546872853491504, 13.929885973306256, 10.57268619659566, 12.970432054513552, 22.96188998397797, 24.279197535120367, 21.189059534255342, 16.302131246915387, 12.78400819268473, 9.589368516794616, 16.282775175210322, 27.360328348938474, 27.69545982087306, 23.421250497630233, 17.504801255713986, 13.385623899063678, 9.760525825384141
13.212916940577578, 23.73106415772755, 25.42126040348038, 22.498302518627426, 17.539919874648895, 13.915743869994792, 10.550418773889062, 12.996502282453541, 23.033020828083313, 24.402850357802276, 21.32486851097827, 16.390607444840494, 12.842744504263134, 9.619657105687857, 16.32269882055737, 27.383012949880914, 27.7276779472657, 23.496119512827136, 17.574269325771763, 13.45514237846723, 9.803165549103435
12.828868066943128, 22.965830561877524, 24.648170044367667, 21.937579697493288, 17.22084015669764, 13.732491803173382, 10.466048038317053, 12.655028983886481, 22.413254161651352, 23.734200372397055, 20.78997276126968, 16.064517312653585, 12.641115671567773, 9.514740276636253, 16.058015827535947, 27.0808668543777, 27.303018023258474, 23.074894834513557, 17.296016664879204, 13.261499748280524, 9.69857351032492
13.233936443323937, 23.839664569011084, 25.544389457392903, 22.62299238136772, 17.68375090439328, 14.054413829451255, 10.680055428539905, 13.137906575379283, 23.289082652124257, 24.587987831857063, 21.446551875179672, 16.50104125179675, 12.940633813451527, 9.709339901944876, 16.5204064843132, 28.093972113111928, 28.515888731160032, 24.04412337273733, 17.897213220009498, 13.631271586716665, 9.914321905522764
13.033531629027255, 23.362493333820048, 25.054088613459797, 22.209223367695543, 17.35759881492995, 13.788097856331337, 10.476327932955336, 12.907918663738469, 22.86817996087089, 24.21648739427446, 21.147984996516982, 16.27830262088996, 12.764698591954977, 9.58017233935272, 16.4842619276834, 27.848468470078288, 28.120284966085478, 23.656852129933885, 17.6203589283236, 13.433681880989466, 9.780386699231792
13.03516687243992, 23.457509580237378, 25.167367378005302, 22.28422979215078, 17.42249139845804, 13.853748122272957, 10.537604609175533, 12.903780139003626, 22.8865618845183, 24.231801496731602, 21.166924519348488, 16.290203356139738, 12.773546993834035, 9.587555779543862, 16.367160911655695, 27.761814004179996, 28.19878586431559, 23.74999470163044, 17.651024114490838, 13.425229916109062, 9.755745723600214
13.05012101959695, 23.47564697472226, 25.18205240900909, 22.276172550042286, 17.36507212884487, 13.768119374504785, 10.440901909509822, 12.911520018596587, 22.90248842628533, 24.20468858977275, 21.07835431738726, 16.19308324544553, 12.68739149306661, 9.512165198337932, 16.120171449447742, 27.2310909613269, 27.658206360239664, 23.339639446364433, 17.395057631754973, 13.276110685754267, 9.672033285897465
13.80442379120586, 24.694537033265867, 26.52136753333759, 23.2109970491233, 18.008206013420086, 14.099860314129128, 10.672942946234345, 13.438769220131768, 23.654539107941734, 25.17726768464229, 21.844612118231076, 16.7711686484104, 12.98831266757078, 9.734621941526209, 16.82348671060779, 28.38331428045033, 28.93796579803643, 24.30608176727621, 18.198639399555198, 13.749653001069236, 10.054373141576797
13.113045951365823, 23.50444364183469, 25.165182369728, 22.226222902655703, 17.335327726202543, 13.746601620134014, 10.439870615347097, 12.787369832414388, 22.698095601966184, 24.011236311219264, 20.916359682812775, 16.104995987474222, 12.634790759554653, 9.497824898679873, 16.152356158740766, 27.128278331042136, 27.453645304803473, 23.12753580638426, 17.244666878711534, 13.156410644595105, 9.60259044549219
12.847430837845994, 23.203868910461075, 24.903634470586788, 22.016924862061654, 17.179411860002645, 13.635743229517226, 10.356887681726166, 12.69768866698454, 22.580668707679475, 23.9162480720824, 20.862633263646792, 16.043552424142227, 12.574635353142034, 9.43590687468736, 16.401100888911735, 27.85288445894585, 28.099572801759113, 23.55976893590033, 17.48596166722529, 13.295396858069246, 9.658990494234493
13.318628738023104, 24.105246088360207, 25.886702223100563, 22.88517380001135, 17.81022932916088, 14.102633582810823, 10.676443197464556, 13.295241189373051, 23.622193977426377, 24.966534854572565, 21.72537133896279, 16.638084019881976, 13.002494815781747, 9.719362452547658, 16.92800346348641, 28.716519074998466, 29.22822711733043, 24.606767826011506, 18.195416128969118, 13.783502509231955, 9.965191123777355
13.416335234077224, 24.018553912992758, 25.75118826476782, 22.713379505135716, 17.6381199799199, 13.937234392994638, 10.542466101449088, 13.173291388422292, 23.2843341894609, 24.778756256667698, 21.72124456638913, 16.707336586951502, 13.056924387067873, 9.757020355090338, 16.383905905543973, 27.78563832470999, 28.29506221673338, 23.918137930578602, 17.884127578632352, 13.692329537430712, 10.015447532316342
13.46560508588089, 24.3285006108653, 26.140981764911466, 23.062661224783923, 17.922041204704094, 14.165641468408031, 10.718093621227757, 13.312432349513191, 23.561646852475626, 24.95357260454486, 21.739544330460404, 16.663965591850502, 13.01643158549794, 9.734058285417294, 17.04066579566762, 28.610647491261325, 28.975493037003027, 24.3676143233382, 18.074470887479663, 13.727097866586577, 9.955253637761
13.37580047918905, 24.197143376900485, 25.918776824658714, 22.84344980439767, 17.773479253097104, 14.072527119722725, 10.67703039702642, 13.197628561500895, 23.36424822806793, 24.75539442185392, 21.728209802911316, 16.763005690748333, 13.128874883153136, 9.836132896851474, 16.353201842091412, 27.758343032771627, 28.035334428958492, 23.712467600432113, 17.779086655724093, 13.629068966792762, 9.97960288122139
12.902710405754611, 23.16041663279682, 24.743116310996328, 21.962345312521265, 17.231837220949153, 13.747817899091332, 10.484552292606898, 12.767996407420451, 22.655420598108364, 23.91934512675757, 20.928162094110228, 16.157133979010503, 12.70881021024082, 9.563663545672132, 16.358981030338537, 27.82872916308285, 28.105658527368014, 23.70025043614871, 17.66842537030625, 13.472597579413524, 9.807960772778102
13.005976486552859, 23.411446834767382, 25.105213971256482, 22.232477766172337, 17.37224953325506, 13.810246772583172, 10.497657032346599, 12.975766049486865, 22.9820751402534, 24.369701307649244, 21.348060979433022, 16.437949746166442, 12.881175732400807, 9.652023502234037, 16.498802303083878, 27.764421768823063, 28.138823948194243, 23.82085561165275, 17.789754319851692, 13.590257652407548, 9.897571195032713
13.158661446021458, 23.597720623330297, 25.276173583691417, 22.3197708602839, 17.39624991740777, 13.799706872714243, 10.490699817091343, 12.729167384329344, 22.42877434818414, 23.851402630568092, 21.090119547944184, 16.38694070740903, 12.90080519616404, 9.699847150121853, 15.920023237378132, 26.69782831599342, 26.831613306091572, 22.78198697848284, 17.250160808050566, 13.363413790385241, 9.86765184182735
12.997136296527652, 23.385899118227567, 25.013548828591492, 22.137391703058917, 17.318918393780763, 13.781143312041308, 10.489550030237947, 12.727958489254501, 22.61687831112027, 23.93085676900763, 20.91617865198325, 16.136823407642986, 12.686537318832663, 9.546227552308086, 16.063448844917595, 27.23509769781191, 27.572562937444054, 23.21788708178677, 17.272677598652564, 13.152300455137325, 9.569931404162698
13.385443917313546, 23.986242848989935, 25.689117165030794, 22.666367856109296, 17.64010093409546, 13.955965627545194, 10.571092559755328, 13.054987622189111, 23.13722697580659, 24.488879966478358, 21.32851420550777, 16.390856161078254, 12.83011195238869, 9.618724953305287, 16.355298345255807, 27.562698567136195, 27.982708671973718, 23.62701482598398, 17.632821732497835, 13.44702228087996, 9.800202076175585
12.888334158918154, 23.004347346113747, 24.692986159260805, 21.960006544651264, 17.237203270564493, 13.750151896381386, 10.491664070242017, 12.789578020967586, 22.675677135158246, 23.950583383538316, 20.909260826288985, 16.147347000188756, 12.709665493673919, 9.578234315592553, 15.297714920463367, 25.875963026975107, 26.444863428774312, 22.554179423051387, 16.99256488967656, 13.070366675939027, 9.601759167087913
12.826297831976557, 23.018850894815163, 24.71221406114558, 21.916536345038434, 17.17892807175939, 13.697038389726035, 10.443490002182616, 12.700437930140502, 22.5684828969899, 23.85709365642535, 20.787612781310454, 16.010913282886833, 12.579969275447567, 9.463145314179567, 16.2282975394406, 27.885494972919332, 28.254795112585658, 23.661381410211494, 17.51020915448788, 13.269674674832546, 9.620765303660143
13.097155754655677, 23.461365490560034, 25.091066022680685, 22.265926997262746, 17.38253301519056, 13.79879633289826, 10.473844329550792, 12.889202985524888, 22.818050573459146, 24.091967293188677, 21.074131003597433, 16.21731614089089, 12.720188101592974, 9.545270546755507, 16.346440143990318, 27.514400707257835, 27.661153928567042, 23.410260239940026, 17.51486276285257, 13.412528843928888, 9.794228662620197
12.775345608028339, 22.886483139143884, 24.489393801511994, 21.72094041246774, 16.99230155474953, 13.525433986736711, 10.286159612307156, 12.729828056316766, 22.60517826836642, 23.915599811864652, 20.897498776000504, 16.09761229845918, 12.644141100069579, 9.49554707895572, 16.449385959168392, 27.816098758665284, 28.125098503246, 23.712941534644155, 17.65343279388358, 13.472498469449688, 9.797894147393633
13.022338372870665, 23.38397434090309, 25.014624802067633, 22.164947627875012, 17.308747935111665, 13.75743367047916, 10.444983016142364, 12.768485836456724, 22.709307134303906, 24.014561181974457, 20.987494807240477, 16.164506102274174, 12.699328609990953, 9.534006900291695, 16.16476573772897, 27.20604714989571, 27.42754859265054, 23.20347765548774, 17.349283090800224, 13.288618747677326, 9.690043245419814
13.43179177123476, 23.837797054490913, 25.52434001830703, 22.575775609595304, 17.576572661149545, 13.917362354929175, 10.537492947740407, 12.99349119042472, 23.03552764405202, 24.42883851588722, 21.33030242994724, 16.398543133663125, 12.84527685790271, 9.628194292527839, 15.852565199299693, 26.875677469095514, 27.475722066964003, 23.34694709184083, 17.491432692439886, 13.382648266064457, 9.768454635598472
13.266455045090684, 23.607627138282098, 25.256501677500452, 22.324390635056833, 17.390666624158424, 13.779937704149306, 10.442997863390993, 12.85383946167979, 22.75779183959402, 24.207934486025348, 21.195634444000007, 16.31668226877422, 12.78597628760204, 9.587256411145137, 16.151640823406062, 27.389043435208368, 27.867242798410757, 23.61784403176844, 17.681957801201865, 13.519113598072913, 9.861227173650988
13.036201399029261, 23.459648772404528, 25.07617860500872, 22.18866778736272, 17.299843770242166, 13.730798577619966, 10.413886659477583, 12.802038759653566, 22.818824435192905, 24.1469491876003, 21.104953378917468, 16.225176325676973, 12.716958359026624, 9.528753458376402, 16.497892705520364, 28.16693417701494, 28.41767262972548, 23.92786419406314, 17.814431505805363, 13.591170298109965, 9.88357819051658
13.424336192576575, 24.080770582204757, 25.761351060831068, 22.704122842748518, 17.64755572725144, 13.963868572360346, 10.570272845005798, 13.119214840425029, 23.243511876193818, 24.606984118100414, 21.464285397052574, 16.478209693256964, 12.889791914293056, 9.647879680602685, 16.472817613690758, 28.065236697348787, 28.503877112729064, 24.053868251708796, 17.93086215079878, 13.672322600471277, 9.951756383814288
13.250228170387068, 23.78858840833295, 25.459540642440587, 22.519440524357073, 17.54513091155238, 13.913094576945705, 10.54116336341547, 12.959225324576636, 22.95910978973451, 24.26796752373815, 21.18065594037697, 16.27951457499754, 12.764236388563605, 9.564674195769484, 16.36956642184239, 27.542369037704105, 27.761817442350107, 23.47210322407663, 17.546640384605656, 13.434123095253264, 9.792366361475208
13.00645126165766, 23.36576005398897, 25.089946520154093, 22.264277750152548, 17.39328065976203, 13.820417265200922, 10.492433589597372, 12.851545057250553, 22.805641067573408, 24.159924472935156, 21.133939619641836, 16.269068111588602, 12.768619391332269, 9.579378987159712, 16.023905583597518, 27.050699999578494, 27.414089290075303, 23.224170191557825, 17.385911390699327, 13.323015754718524, 9.724888966929601
13.586422595740832, 24.246512485930538, 26.000228396471147, 22.933888739650676, 17.809001101266794, 14.074319053580146, 10.641928070620555, 13.08658839030985, 23.120426461269716, 24.626271477770064, 21.583862720092515, 16.59726446626249, 12.981158508994682, 9.71055754136553, 15.914394422191176, 26.93844413227383, 27.392218812397555, 23.26568155847969, 17.479558623705472, 13.414957935954249, 9.813770355488991
13.456269596230932, 24.00313476276707, 25.72141062713348, 22.6993303785806, 17.640669054464432, 13.950423890248961, 10.557164388703168, 13.105881918646066, 23.236787695117307, 24.78023925051962, 21.69897142147051, 16.67100453257168, 13.03058527784488, 9.747984395759204, 16.61307854269318, 28.137581302275883, 28.540917398187084, 24.097179514333405, 17.987367971745424, 13.725124065684769, 9.991331893213989
13.261611794358405, 23.786699423753998, 25.488253512995232, 22.593094186133147, 17.6501951453212, 14.017064881294514, 10.64210437258669, 13.028217488882916, 23.09035102180988, 24.41887803524836, 21.310845659210997, 16.397231999399132, 12.859760697851543, 9.648402379326459, 16.278161173965845, 27.413953577795155, 27.828888575436054, 23.530033820025487, 17.565219884340088, 13.419421067564924, 9.781358874612234
12.728047116912338, 22.84836976473666, 24.43050645582477, 21.68178629124326, 17.018583774380573, 13.583754330097408, 10.36534674657624, 12.425140167711334, 22.06442705730052, 23.327765107849167, 20.419096686431704, 15.796393658360563, 12.45449636153848, 9.395184418251226, 15.656614502158554, 26.567185249293562, 26.841673698855665, 22.637705536058583, 16.889414432527893, 12.896678925068057, 9.408539441541215
12.974144224112102, 23.286565266924075, 25.013840744742154, 22.23870727832743, 17.419964815636746, 13.863483383981334, 10.544942434930476, 12.877336714342071, 22.814504866977007, 24.121264153938732, 21.080838588461088, 16.252730936400777, 12.768151103534624, 9.593218352771334, 15.844162004498168, 26.855779325709307, 27.31098196113335, 23.120154785649174, 17.291811944204884, 13.229724427126907, 9.659858831415606
13.302289008699958, 23.782504685725247, 25.423687537585362, 22.536887602614193, 17.644859772657565, 14.044961965872861, 10.687460353312565, 13.088115152340116, 23.118268567901666, 24.408315884513733, 21.324457163541982, 16.440800308489397, 12.915177412760096, 9.706429835989875, 16.459625340455677, 27.654046187706932, 27.930986110925137, 23.580198964883834, 17.605531849886532, 13.451398292261757, 9.807811474674887
12.916459527725369, 23.042327523555347, 24.690047031110527, 21.96017015271355, 17.22105036945048, 13.722945815251656, 10.449963377927713, 12.762217683036027, 22.618100699015763, 23.95372013275431, 20.97015652587977, 16.18401265727514, 12.721258219745586, 9.564348847893424, 15.702484129047583, 26.668137501676966, 27.083864660176946, 22.97156448909958, 17.234313604421537, 13.212145759324287, 9.661933897734697
13.293968859628933, 23.940906392600393, 25.70460732530671, 22.762700833025068, 17.771113697085887, 14.102563657715654, 10.704146854571412, 13.132908654657358, 23.182353685659884, 24.551276760696425, 21.461533118964052, 16.513054095087636, 12.93874759946398, 9.69927389726996, 16.618108432311846, 27.862657049254036, 28.13637529631989, 23.720422753615356, 17.691001475147345, 13.508739007085806, 9.840177073312244
13.068173913298777, 23.413740883080752, 25.072005553993115, 22.215808921756565, 17.369951618922855, 13.807730914498352, 10.495959615223988, 12.801298601483408, 22.691283318987875, 24.038943005456737, 21.022071339556877, 16.202790911062564, 12.719654107525018, 9.554499311274093, 16.16492965568735, 27.283326989161996, 27.57922851173634, 23.26227175319889, 17.37035032378403, 13.273734715496932, 9.681397160306734
13.13882544358379, 23.65126935457599, 25.30520456120353, 22.398971562804523, 17.47652407755163, 13.871692961185277, 10.526727672030248, 12.920232835191396, 22.8626355321207, 24.234546956846124, 21.271877553279992, 16.395911253810734, 12.856687870104562, 9.634987996956198, 16.429078988736542, 27.687617675648305, 27.982286432098796, 23.690550839301306, 17.729369669340798, 13.58450655672962, 9.919802283310405
12.773889678517145, 22.97971673858724, 24.60300912416646, 21.860737197779546, 17.132880759294327, 13.663424454915527, 10.407146562712956, 12.623138247826997, 22.366618440388898, 23.672567787232065, 20.762722645418865, 16.017684896728547, 12.5974205781791, 9.466406135813115, 15.995755894341372, 27.005076959378947, 27.26909028284733, 23.075575012857005, 17.234630640948843, 13.18897605199104, 9.613420648654525
13.46752242800158, 24.38074534594435, 26.147058634924505, 23.119135826385843, 18.004661911634347, 14.271118239591422, 10.810968656343528, 13.371639372535373, 23.738248516813492, 25.169463843125982, 22.014643223784994, 16.893811455740842, 13.205687543762815, 9.864004195657547, 16.815291340085817, 28.343580802206088, 28.848996550371716, 24.452791411834685, 18.202121021331035, 13.868521529528762, 10.062736603987796
12.783789627672814, 23.072919735633523, 24.814309782995526, 21.985325766617805, 17.17881374193963, 13.642675223791464, 10.36890833299731, 12.806077716431146, 22.77118550372733, 24.123754510765174, 21.03571842989015, 16.18164073503042, 12.684040458536707, 9.520703449947417, 16.16007189424411, 27.515917235482416, 27.91027681161567, 23.442553138869943, 17.40531395054051, 13.227610241456158, 9.613222521345733
13.518606727270514, 24.271599185395512, 26.12431210471417, 22.918564771139334, 17.80932611795598, 13.966612714199007, 10.582155333177125, 13.31417395443864, 23.565622347092507, 25.039711784150203, 21.678940416387825, 16.64086091819717, 12.90621577270842, 9.682474716374598, 16.5121343491916, 27.787101613218745, 28.53067297410336, 23.9949170279239, 17.913100937575436, 13.507149074386492, 9.868707573881725
13.375140744576214, 24.136727514393304, 25.889981392809496, 22.86174600622043, 17.784028687840106, 14.052171989577293, 10.652737850534479, 13.335398834732002, 23.423673087613693, 24.773497010597318, 21.71094336717912, 16.72325059567685, 13.077956782808347, 9.800493984701964, 16.98259344525229, 28.424028265288776, 28.589888174301002, 24.12048727981683, 18.04668088508193, 13.806847448531842, 10.109423012774862
13.573818215759708, 24.241610199684924, 25.96430389907802, 22.9248025487849, 17.825074539909487, 14.102076425423194, 10.671598498515234, 13.14132450472853, 23.212198802951963, 24.66465398734251, 21.594082384594717, 16.60149310754838, 12.989953077754187, 9.721975772246306, 16.35075781462106, 27.654586505902227, 28.068907673303954, 23.782060971721506, 17.81703000157397, 13.644468687374992, 9.962976055513735
13.456269596230932, 24.00313476276707, 25.72141062713348, 22.6993303785806, 17.640669054464432, 13.950423890248961, 10.557164388703168, 13.105881918646066, 23.236787695117307, 24.78023925051962, 21.69897142147051, 16.67100453257168, 13.03058527784488, 9.747984395759204, 16.61307854269318, 28.137581302275883, 28.540917398187084, 24.097179514333405, 17.987367971745424, 13.725124065684769, 9.991331893213989
13.220624901914794, 23.536126956922757, 25.139449635204706, 22.24101610055766, 17.35352817720705, 13.770200118565418, 10.448430224879328, 12.819135845471566, 22.809625419402337, 24.211817885707834, 21.169396814126547, 16.291672675312245, 12.768141414815437, 9.577333359027097, 16.11569685216994, 27.38118873587114, 27.871749105396987, 23.626873506618697, 17.687964338962225, 13.520528807162501, 9.859579394589904
13.002710259269287, 23.307263171345546, 25.010669666334437, 22.220810526652762, 17.407541748966878, 13.855067827176006, 10.542948258210656, 12.797190067306396, 22.631714227525123, 23.982134573609844, 21.003709212302272, 16.21380908170192, 12.745140312615316, 9.583793361909493, 16.079813639643614, 27.02532270293879, 27.375967691618243, 23.177808728504804, 17.35978596409007, 13.299170286997622, 9.720600278816681
