-0.0008099928633139163, -0.002342070516481077, -0.005031809569241692, -0.008852241005097315, -0.013690333461497058, -0.019254400778063698, -0.025714761422635842, -0.002359508107810878, -0.006756091512117373, -0.014472270781275845, -0.02588929985225858, -0.04090089997865511, -0.05849757244084018, -0.07916701013929793
-0.0007610491242602645, -0.002263468673189494, -0.004927125876288746, -0.008689131130221375, -0.0134317539682219, -0.018881637766044682, -0.025193853633872238, -0.002047677627744872, -0.006264096389724345, -0.013985875501386451, -0.02539335452836916, -0.040258308913487084, -0.05758142833862615, -0.07786899997306274
-0.0008835040402709264, -0.002507386271228415, -0.005283912129541431, -0.009165428528458312, -0.01405163976892111, -0.019662614188772222, -0.026166311079226616, -0.002331104861677909, -0.006833156065036978, -0.014840171040628422, -0.026598906320514086, -0.04189923344626396, -0.05970458561094953, -0.08056860638763522
-0.0007118130941767003, -0.0020705587509061954, -0.004579031823997344, -0.008267486485621265, -0.01302854156050775, -0.018547435934737372, -0.02494400369097275, -0.002083173859093979, -0.006127315104782722, -0.013454588656191575, -0.0244143472634124, -0.039166112657836295, -0.05670446323722126, -0.07734768085245454
-0.000597079752891877, -0.0019347814265896163, -0.0045007635856776605, -0.008205008097042894, -0.012949587591552441, -0.018453216369929647, -0.024832620133328657, -0.001714017232507514, -0.0055249674297713465, -0.012825289078905247, -0.023828517917704177, -0.03857935301615328, -0.05608782299089604, -0.07669460724383785
-0.00089204082820095, -0.0024031551401018417, -0.00499916613690187, -0.008803482911687447, -0.013639659133940373, -0.019179386830986352, -0.025582955187611663, -0.002303173630396046, -0.006362664237321496, -0.013693529905469988, -0.024999270545714818, -0.03992673236968785, -0.05733634831843267, -0.07771423629673303
-0.0008196677243980657, -0.0023828677239460774, -0.005094737338694361, -0.008889097446994329, -0.013662305494771265, -0.019143923199850324, -0.025486991888358623, -0.0022554390995462407, -0.006678537066451295, -0.014619992484961816, -0.026212785778136845, -0.04116759855387403, -0.058512360414794254, -0.07880274416684217
-0.0007772575901221855, -0.002275814775495627, -0.004972137578984159, -0.008859405955457552, -0.013780046037996662, -0.019423671906658266, -0.025963566342519593, -0.002102406870018131, -0.006264519584512839, -0.0138025877606452, -0.025112731484404946, -0.04014314584350588, -0.057852461609308736, -0.07868437828945053
-0.0008139779843361909, -0.0023362368640578507, -0.004903131741836353, -0.008511673027709004, -0.013110459299041826, -0.01844282384392295, -0.02464249173141802, -0.002257339647614031, -0.0067527481566656035, -0.014747143291694902, -0.02632274782602496, -0.041232557941434864, -0.058610588023787394, -0.07901312372633845
-0.0007087971856199212, -0.002096177353513802, -0.0046440124563143954, -0.008343093266058524, -0.013041997418712627, -0.0184485396519895, -0.024728840308643717, -0.0019424604066442801, -0.005887917264886548, -0.013224421579027257, -0.024326801430119404, -0.03904957851052957, -0.056340754773592586, -0.07671674533923968
-0.0007977562545923831, -0.0022606171408513934, -0.004841718450318172, -0.008575095639779321, -0.013304851361174977, -0.01873489354597985, -0.02501734304540183, -0.002213032093816036, -0.006398184213077407, -0.013949687251122172, -0.02527307240553948, -0.04009859092734671, -0.05737472921846132, -0.07759584616588923
-0.0007624793652974777, -0.002216279945725261, -0.004822346040388669, -0.008559958438977371, -0.013261578589125153, -0.018632035236975097, -0.024835556500036285, -0.0022957659750344125, -0.006511214930652532, -0.014011370920290058, -0.025285253517675, -0.040081985144011005, -0.05731768288617759, -0.07747194896676708
-0.0006944142143635885, -0.0021160956374987132, -0.00466138157903276, -0.0082901132059326, -0.012908491376631637, -0.018250135719769703, -0.024453534456266742, -0.002022774401632619, -0.0061600894625497985, -0.01365571675119959, -0.024851766252696614, -0.03963788589134538, -0.05701857142874877, -0.07745441196779922
-0.00085157571797483, -0.0023779248617722968, -0.005052930540788568, -0.008901001588114089, -0.013790407056135549, -0.01940689063411844, -0.025930587928468828, -0.0023758099734002935, -0.006707869675724715, -0.014334169148209945, -0.025735371072571435, -0.04082784354756373, -0.058555687983872624, -0.07939897285352013
-0.0008863023698506939, -0.0024371634786026475, -0.0050989734648973625, -0.00891669794703533, -0.013745481076628513, -0.019280447738073615, -0.025687043509986435, -0.002382011687049442, -0.0067248081246430265, -0.014471520883237322, -0.026063869694738295, -0.041185616580546924, -0.05875895064797235, -0.07933707357620978
-0.000785542026779341, -0.0022718607158160125, -0.0049327666173081515, -0.008793694771519273, -0.013721216149935801, -0.019384401968841416, -0.02598644239706875, -0.0020904344303634592, -0.006227799825770378, -0.013776548616150852, -0.025121953816358535, -0.04026359585331885, -0.05808519672145535, -0.07917102283636927
-0.0005772328104398228, -0.0019064234701863616, -0.004547325447133149, -0.008387296286723415, -0.013196971567267755, -0.018726980148157542, -0.025092257813650272, -0.0016691151702264415, -0.005404496543845615, -0.01279708991509687, -0.02414512368915869, -0.0391563571458885, -0.056814572913323126, -0.07747440352036324
-0.0008364874578834112, -0.0024181866453736604, -0.005110341375383318, -0.008867577014833915, -0.01362058915437143, -0.019098302621206792, -0.02545922503313922, -0.0023395297406423464, -0.006879960823377625, -0.014913413712319086, -0.02657486132563798, -0.04161836958961343, -0.05910144351987899, -0.07959111564066396
-0.0007639872952617875, -0.002226580615235493, -0.004866087329202263, -0.008651192585770746, -0.01347889920085984, -0.01905670349450259, -0.025514710601918348, -0.0021296137021013296, -0.0062776170840048015, -0.013870474514754772, -0.02525550348543247, -0.04034925822049892, -0.058072706304725843, -0.07881609581509745
-0.000760240108528612, -0.0022774082465154485, -0.004998028493036083, -0.00888225029033219, -0.013811524873767082, -0.01950412331963524, -0.0261204372982949, -0.002032499598414295, -0.006274867733474826, -0.014069846935692968, -0.025697922264593033, -0.04099585342861696, -0.058947782901260466, -0.08003954942608409
-0.0007431620588152871, -0.0022409109975036834, -0.004889686612861556, -0.008644325881239126, -0.013414132859062433, -0.018925760872336786, -0.025339289102490847, -0.002049866571493452, -0.006308435947202919, -0.01405681330155959, -0.025541698116892254, -0.04060927460260667, -0.05825843653553321, -0.07902755622856374
-0.0008437577260675787, -0.0023958690332363, -0.005043528456669824, -0.008756553492988126, -0.013464719550861374, -0.018896422321210506, -0.025213884736655815, -0.002406936278942745, -0.006908335640921877, -0.014785966636522006, -0.02627315410272576, -0.041182671471717724, -0.058585122566491475, -0.07900585719512529
-0.0007792231563509918, -0.0023097910766605835, -0.005017078578631664, -0.008826739343798885, -0.013614297328684603, -0.019106751872309934, -0.025463208369282113, -0.0021481346287278804, -0.006440139115589953, -0.014244227492202647, -0.02577491535484712, -0.04074634178210638, -0.05815090806496494, -0.0784777364387729
-0.000842032987532622, -0.0023291035799079362, -0.004953132559953184, -0.008752131891364008, -0.01356132672398027, -0.019044743043102885, -0.025403119350769356, -0.002251103824736133, -0.006376259875254111, -0.013890316542075508, -0.025257045694469318, -0.040219113769624185, -0.057592552803495546, -0.07795616264775992
-0.0006204102345133574, -0.00198864101935085, -0.004476327089992255, -0.008080863087067153, -0.012619007390639994, -0.018011665739947745, -0.024091314760789576, -0.0017076625949077337, -0.0056078293432475475, -0.012996504300437781, -0.02425742783924341, -0.03882518531008741, -0.05638446698374203, -0.07631850478699793
-0.000732309912072273, -0.002071302477540706, -0.004605783289415302, -0.008515962725787012, -0.013569938197429458, -0.01937780205614703, -0.02606285122634681, -0.002047599863453804, -0.005910011240009828, -0.012974702740322941, -0.02384281470420745, -0.03863969229934972, -0.05643367486767703, -0.07752229753282092
-0.0008342832099440047, -0.002354063015953223, -0.005059675667461487, -0.008983181698865972, -0.013931849090600119, -0.019591465746616958, -0.026123060552285204, -0.002207095107919455, -0.0063944856198470375, -0.01402838124074586, -0.025596428979087517, -0.04088111373213347, -0.05878424604912103, -0.0797330488658654
-0.00063127933089382, -0.0019338013060235964, -0.00436552453077228, -0.00789007226194086, -0.012432413146461903, -0.01771024525523284, -0.02384361573513546, -0.00183089274956025, -0.005623164074463947, -0.012657663955288213, -0.02326234553618722, -0.03752881543331565, -0.05448839252045244, -0.07446514163715369
-0.000695420587955165, -0.0021272608108787463, -0.004692556000440592, -0.008319002005606278, -0.012912566404449393, -0.018210749742403713, -0.024362491387192403, -0.002002054715878528, -0.006147524741047, -0.013715298958722755, -0.024860243732059435, -0.039396933284630516, -0.05636999297050482, -0.07629250382114702
-0.0007910665263152131, -0.0022396389640120602, -0.004817795805923131, -0.008585282802516064, -0.013382184454524838, -0.018907363753811354, -0.025311173769207752, -0.002145233001995778, -0.006247115949440467, -0.013741414333977254, -0.0251116472144935, -0.04011145321677602, -0.05767825663391367, -0.07830414391464005
-0.0008364874578834112, -0.0024181866453736604, -0.005110341375383318, -0.008867577014833915, -0.01362058915437143, -0.019098302621206792, -0.02545922503313922, -0.0023395297406423464, -0.006879960823377625, -0.014913413712319086, -0.02657486132563798, -0.04161836958961343, -0.05910144351987899, -0.07959111564066396
-0.0007737388691960749, -0.0022573033152168565, -0.004826970041669183, -0.00848209419180436, -0.013140817935616202, -0.018549516763380708, -0.024826878011267883, -0.002238085129199904, -0.0065253114410295035, -0.014051529849798138, -0.02521700742894165, -0.039924237787811664, -0.05726080286595888, -0.07761405986192015
-0.0008365308998708319, -0.002292670272956672, -0.004841013842441885, -0.008566362837320351, -0.013276477046649603, -0.01865941546466691, -0.02486201454135563, -0.00225021744532971, -0.006269531693352488, -0.013549354256368717, -0.02470143201822715, -0.039347172146833906, -0.05639328184684673, -0.07622350176474783
-0.000764490257853201, -0.002176720614829241, -0.004718962772194188, -0.008468201331605927, -0.013262517068570899, -0.01878707241857511, -0.025188292327788967, -0.0021163582795164274, -0.006158629147886694, -0.013456175858883897, -0.024540086843828624, -0.03936753250158242, -0.05689105930047035, -0.07751510826531277
-0.0007462273492830599, -0.0021630014007266063, -0.0047683786993291295, -0.008619363349058646, -0.013568676637588277, -0.019271778246758377, -0.025893985709563874, -0.0020260203432950576, -0.006013352888360781, -0.013296493160327359, -0.024327065889129893, -0.03928497443397866, -0.057117582149846816, -0.0782289239446911
-0.0005258595244732096, -0.0017418598024381946, -0.00427914483941981, -0.008124727228551143, -0.013003676783053777, -0.018617417822774027, -0.025065551910602366, -0.0014641777553268478, -0.004892478194603738, -0.011841772619362123, -0.02277695163232303, -0.037574337026909085, -0.055279828219264755, -0.07606749219179794
-0.0008472321736886163, -0.002429311091155927, -0.00514116978799868, -0.008951624257858396, -0.013780020793340326, -0.019346254075997316, -0.02582076886996376, -0.002267449170060924, -0.006707993248347037, -0.014606478796715342, -0.02619239524129139, -0.041274672902367394, -0.05884901390896949, -0.07948689805027094
-0.0007391600312765768, -0.0021675398581039594, -0.004712643462534355, -0.008405166716243712, -0.013113219924947508, -0.018571019587333846, -0.02489035961561416, -0.002072697619396826, -0.006228938513464309, -0.013749161372364146, -0.025004048669437024, -0.03983098175848654, -0.05728754059876566, -0.077766634708928
-0.0008282243317385816, -0.00233850729258445, -0.004984598584507467, -0.008755188196959503, -0.013542741817738178, -0.01903736305804191, -0.02543674939291484, -0.002229225857218787, -0.006483482402312945, -0.014133580957071797, -0.025501936630054043, -0.040476826772349435, -0.05794080397923429, -0.07850188534546103
-0.0007735503625206304, -0.0022992103908476527, -0.005016285469271099, -0.008879210154807502, -0.013777741893652514, -0.019405472341956494, -0.025966776578189677, -0.002133833559939614, -0.0063911501677552385, -0.014033600276187675, -0.02545876991860136, -0.04061646388352202, -0.05839512494851452, -0.07940065238816871
-0.0008478263999608646, -0.0023774083785338216, -0.0050874877405125965, -0.009013858905227873, -0.013999115442265538, -0.019685813353345582, -0.026297389857468656, -0.0023733879527016014, -0.006677916120848641, -0.014246791494917902, -0.025618136786412983, -0.04079508818429652, -0.05860724897693109, -0.07966089282068432
-0.0007703083123430151, -0.002223814171279039, -0.004814940008685898, -0.008558935324209866, -0.013315669932591768, -0.01879213422222899, -0.02514582091661066, -0.002201308248097597, -0.006385608936504434, -0.013908306109496896, -0.02520076943788052, -0.04006820713640057, -0.05747231091517181, -0.07791758135483344
-0.0007469085632917266, -0.0022468342500742565, -0.004871853965883995, -0.008561674049507147, -0.0132422186537461, -0.018641817367399584, -0.02491653898522749, -0.0021566248951566834, -0.006516146978214006, -0.014293922578581184, -0.025663833871521626, -0.040476119466331874, -0.05774865907435183, -0.07803581526581596
-0.0007727089052172037, -0.0022677023405015344, -0.004911382018286203, -0.008657566227865041, -0.013425211270197796, -0.01891155664662347, -0.025327225928042076, -0.0021349968012863035, -0.006367782880070885, -0.014016859502681518, -0.025369470418814814, -0.04036396521781505, -0.05788919117976635, -0.07861303099600361
-0.0008671895488882813, -0.0024568528538182087, -0.005183814373369977, -0.0090009305378694, -0.013832814402288372, -0.019382206417467896, -0.025841172650526593, -0.002405092533051035, -0.006966597552554071, -0.015018285556101784, -0.026775851686136345, -0.04205957408577636, -0.059811182903378175, -0.08070056097244269
-0.0007638379581096688, -0.002270297064759936, -0.004956442636521128, -0.008770976568321926, -0.013587366465823097, -0.01913138131019184, -0.02555918236525376, -0.002069801481591386, -0.006305933573921237, -0.014077176166553105, -0.025636444876161846, -0.04075926121128156, -0.05843601037343114, -0.0791795159905151
-0.0007501988466734065, -0.0022330577667923983, -0.004873552584159255, -0.008634381904823251, -0.013404733839883174, -0.018907760512303275, -0.025298762081518707, -0.002104418700965297, -0.0063486564568188165, -0.014025724496347229, -0.025446424680534832, -0.04046305670142444, -0.0580574675052705, -0.07871793442668418
-0.0006383461936379795, -0.0019567661686282264, -0.004492843247353886, -0.008221892141455045, -0.012959109863464784, -0.018383077246352044, -0.02467431222480914, -0.00185889853504984, -0.005707548354718541, -0.012962830973101353, -0.02401819327522628, -0.03881107299799664, -0.056232611124097144, -0.07680733382630475
-0.0005693341531578386, -0.0016594338652996378, -0.003890260558723424, -0.00748234548381573, -0.012218589269474752, -0.017704582376728253, -0.02402166858651831, -0.0018028685327440383, -0.00529406026458814, -0.01190346551014564, -0.022213933313980874, -0.03638629218671032, -0.053614960186583176, -0.07408087919066782
-0.0007981321606459527, -0.002340930735191917, -0.005045086307785426, -0.008879614409440984, -0.01373630650652544, -0.019330687196311504, -0.02582886504016285, -0.002370795525046294, -0.006853022631051304, -0.014722221240660667, -0.026316707944771874, -0.041484637715671464, -0.05922007124030331, -0.08003785330962718
-0.000770909378620797, -0.0022814386957332624, -0.004904237043319053, -0.008592977393752607, -0.013270212720176203, -0.018672406292396755, -0.024940432117651224, -0.0021831753839657744, -0.0065628403028704825, -0.014429558921250338, -0.025911946032797874, -0.040748287013344806, -0.05801748654362415, -0.07826653117910545
-0.0007377606939511586, -0.0021624697011920053, -0.004641402186708205, -0.008170140710903578, -0.012676403124205357, -0.01790738145179827, -0.02398639834010532, -0.0022307179022120717, -0.006554504240936849, -0.014193017271682568, -0.025345816783835243, -0.03981183294104492, -0.05672416567899196, -0.07659016562626442
-0.0007632507061284428, -0.0021781245647206895, -0.004747391823089089, -0.008559316494119274, -0.013459946799573649, -0.019086649271176273, -0.025635752275855753, -0.0021159396165203377, -0.006098765812675645, -0.013293604294887885, -0.024248429485218635, -0.039024220092800314, -0.05649167982614892, -0.077161929837772
-0.0007210445688963714, -0.0021363630739534107, -0.004645136722305754, -0.008230104155546727, -0.012806082390812901, -0.01809817642200431, -0.02425597732795763, -0.0021440893424170735, -0.006335816547455943, -0.013797479753740613, -0.024871895216557513, -0.039466638979957475, -0.056580423503211276, -0.07673216254085229
-0.0007264321796613028, -0.0021211238127267448, -0.004676500245199252, -0.008405028238564071, -0.013147618104224598, -0.01861152781259343, -0.02495065272711301, -0.002091108170946925, -0.006095153976355518, -0.013404479899914272, -0.024521525769763027, -0.039290397599547264, -0.05667499245630622, -0.07712147432361473
-0.000894948117633841, -0.0024122501283486896, -0.005044877237164734, -0.008907910837042388, -0.013851806028164283, -0.019536198937358144, -0.026138146874506427, -0.002483415095231813, -0.006833012742556702, -0.014317766940953294, -0.02556897810664257, -0.040658895892474525, -0.05851066101441385, -0.07958581642432859
-0.0008897402040161365, -0.002413061250499142, -0.004980752092514157, -0.008706770304543452, -0.013470343341867322, -0.018956608287143968, -0.025327745808698628, -0.0024047928381138953, -0.006686425545823388, -0.01418795146919094, -0.02549934958113932, -0.0404457216392272, -0.05795447875339669, -0.0785354353830808
-0.0008309352010104269, -0.002397850973014353, -0.005083824922942999, -0.008877437467793584, -0.013695135416506198, -0.01927495648037806, -0.02575395939225812, -0.002343294612752275, -0.006834187247357254, -0.014721158169729298, -0.026342488185143495, -0.04151504432301254, -0.05929397798352256, -0.0801509545167714
-0.0007326318403164743, -0.002200215800627178, -0.004776213694124528, -0.00847525472411716, -0.01311689260917161, -0.018631093031003253, -0.024835531701259937, -0.0022677036028399444, -0.006669828498955396, -0.014447758173648175, -0.026016172821550256, -0.040854009167659605, -0.05870110279639828, -0.07891278096099871
-0.000740219317444773, -0.002172369945599189, -0.004769926543751227, -0.008540478720811522, -0.013352084954763714, -0.018890231486920823, -0.025347802415489406, -0.0021137796553312507, -0.006214676286259792, -0.013563828820004706, -0.024649582082566415, -0.03947654780118423, -0.0569583307369294, -0.07764929606320818
-0.0007585909486347893, -0.0021731271924805263, -0.00478454636030679, -0.008656406994587452, -0.01360456250905152, -0.019270297910852215, -0.025850486248211305, -0.0021388452127595594, -0.00618949673580741, -0.01342694531770209, -0.024416015096389878, -0.03932066604364067, -0.057067018828900834, -0.0781359339943645
-0.0008230981361746583, -0.0023104186681936426, -0.004940348153374412, -0.008822881187160837, -0.013719004810935236, -0.019521718494464633, -0.026052926349365853, -0.002348382769754644, -0.006679755900312052, -0.014254484915610464, -0.02574484789184896, -0.0408447258471811, -0.05916380844729781, -0.08006549211546683
-0.0008545498508867664, -0.002426555257231545, -0.005128050217364861, -0.008903534138611995, -0.013672317665645355, -0.019128687735990444, -0.025492625036939647, -0.002406635596559082, -0.006903997033534177, -0.014812114773294876, -0.02635994882584505, -0.041398487030095514, -0.05883775216810238, -0.07939118400668772
-0.0008322119629642238, -0.0023202651930648755, -0.004871787857362185, -0.008567746982474988, -0.013222277472153127, -0.018750786056967866, -0.024979123127659823, -0.002418189040975486, -0.006801313217563654, -0.014386041875983075, -0.025785754052789354, -0.0405615099119555, -0.05837557226200784, -0.07863401720713124
-0.0008207661598810177, -0.002354211037640888, -0.005009205605521979, -0.008751864938623352, -0.013485893727398108, -0.018939149750623573, -0.025266475763459664, -0.002272110757992201, -0.0066703390073617665, -0.014519743448857777, -0.026054207435696117, -0.04104893928567345, -0.05851259749087383, -0.07900535673519346
-0.0007768460468867354, -0.0022761084287669505, -0.004945978244832587, -0.008768539926971962, -0.013626330280436354, -0.019230791623288706, -0.025755709842525783, -0.002185828378903201, -0.006483762299370229, -0.0141769188073195, -0.025647194691663672, -0.04084751245289029, -0.05870038793462964, -0.07974279454867887
-0.0006869735909689244, -0.002093986875376299, -0.004692319773658477, -0.008412247939529187, -0.013118516521069802, -0.018510394537316188, -0.024775409780310082, -0.001968317592091211, -0.006010786630532907, -0.013509637742717505, -0.024710096672122484, -0.039519504554415316, -0.05682781356668633, -0.07722808532172849
-0.0008412477238120531, -0.002411109899667327, -0.0051032241783208615, -0.008883281795638093, -0.01367272703686261, -0.01919440529330175, -0.025614472180269653, -0.002393820785936431, -0.006922269496833789, -0.01485098470704942, -0.026437591995229784, -0.04151850060609014, -0.0591097299750218, -0.0797492183469654
-0.0007279546805197876, -0.0021621072531582525, -0.00480802990472231, -0.008610118839618028, -0.013406056685448257, -0.01891394662461677, -0.02528065960374793, -0.002017696980679024, -0.00611805794954577, -0.013667678056214496, -0.024926522861749574, -0.039821275617886835, -0.05735457507253796, -0.07791489183443333
-0.0007178651765199755, -0.002040748860187484, -0.004572043819962157, -0.008402992862642542, -0.013315787851212228, -0.01894071721344023, -0.025431950162724936, -0.002001878938451914, -0.005847275085746279, -0.013052436060635539, -0.024043897276471275, -0.03891836056209625, -0.05664333684226623, -0.07760872459410549
-0.0007514576147911075, -0.0021918259841160405, -0.004767029748882116, -0.00848234041159753, -0.013224953636913906, -0.01870166444748544, -0.025061013442145126, -0.002375183021924143, -0.0066862845271200445, -0.014139075757692259, -0.025263753411756493, -0.040131652158359676, -0.057754752020886806, -0.07857403158000321
-0.0007760065305735094, -0.0022617857869039453, -0.004907824543610219, -0.008687550486584391, -0.013477581534521057, -0.018985940832336887, -0.025390166992905017, -0.0022377297741659444, -0.006541380756241108, -0.01426743762670434, -0.025726496963144278, -0.040750297343158395, -0.05829601798452859, -0.07891991850475409
-0.0007913735810461927, -0.0023123626929739565, -0.0049675584653044265, -0.008727506524608766, -0.013508059353906228, -0.019030342847878082, -0.025458153225104623, -0.002216394686177761, -0.00653915033733295, -0.014237999571934262, -0.02567714579444191, -0.04076709198457364, -0.05849117328849238, -0.079357148694008
-0.0007112942504841591, -0.002064870656225279, -0.004621834872178272, -0.008501879742112662, -0.013465435534701755, -0.01915558604875495, -0.025716178336295935, -0.0019871108278674437, -0.00586636450073773, -0.013059698433960563, -0.024219767276504992, -0.03932661250430719, -0.0573259706520915, -0.07856392718613195
-0.0008398540828204183, -0.0024299739686461687, -0.0052117764978999006, -0.009120693085534278, -0.014030531945247827, -0.019643554755532457, -0.026152014839772565, -0.0023371239582877725, -0.006775199308595462, -0.014698377061509458, -0.02642777380308598, -0.041736682338343385, -0.05954434792039021, -0.08042114908410235
-0.0006927944038632942, -0.002086032269792416, -0.004660065283755638, -0.008390043291310639, -0.01310483399903345, -0.018516774866493908, -0.024773358973234107, -0.001986919324372223, -0.006002733930228537, -0.013429350328761728, -0.024626919968684872, -0.039429802098247875, -0.0567987112509207, -0.07716608569425513
-0.0005773227016123414, -0.001817553273030801, -0.004278573353069954, -0.007926754149871667, -0.01255241546828563, -0.017854062633418696, -0.0239675660820156, -0.0016758087903374203, -0.005296929449555507, -0.012515895949484834, -0.023669804807407296, -0.03839601240930058, -0.055563133666559406, -0.07559190058586089
-0.0008779685770800995, -0.0025154639327516722, -0.005294639004170223, -0.009154656918943314, -0.014034940133986392, -0.01963577688271742, -0.02617510599697226, -0.0024051962373231295, -0.006970039674366283, -0.014990342131477617, -0.026652516629727053, -0.04182370431909438, -0.059450810674484995, -0.0802449086514438
-0.0007705497023486784, -0.0022167280851716365, -0.004818189521196432, -0.008584952241120224, -0.013365440620742755, -0.018835620590138342, -0.02518871638564648, -0.002255097581188179, -0.006438373916726592, -0.013842623128130055, -0.02494726489242214, -0.03972133073462247, -0.05706743687280778, -0.07751242947104653
-0.0008270924588370676, -0.002262735577204104, -0.004830169209250589, -0.008688185422483683, -0.013643044918040016, -0.019322233144596017, -0.025881197020334718, -0.0023401056161160808, -0.00650530966830145, -0.013699784303020563, -0.024581815994615556, -0.039371803410098084, -0.057084848366777775, -0.07806816633221904
-0.0006595732999505492, -0.0020700838365642765, -0.004719973375032353, -0.008532662872433273, -0.013354464626673612, -0.018873884110810143, -0.025287588837530652, -0.0019238797605026893, -0.005917206549311068, -0.013266532784565055, -0.024331787238375386, -0.039184687875769265, -0.05676095110726197, -0.07760434899058796
-0.0007575937162313023, -0.002163899335144697, -0.004706576568546545, -0.008453528732166996, -0.013239927745783173, -0.018772712443809847, -0.025164621114858888, -0.0023083672811735198, -0.006533232796546125, -0.01389974205529278, -0.024978590737741703, -0.039797974413081784, -0.05742144926612569, -0.0781304324994588
-0.0006418446434804747, -0.002021675655042178, -0.004593179532963234, -0.008254814421253732, -0.012912739248877458, -0.01828892832126916, -0.024541187852707817, -0.0018367688331519978, -0.0058038400337720895, -0.013320150990986409, -0.02451201698947322, -0.039250208722988, -0.05650244362315538, -0.07679345727211895
-0.000760240108528612, -0.0022774082465154485, -0.004998028493036083, -0.00888225029033219, -0.013811524873767082, -0.01950412331963524, -0.0261204372982949, -0.002032499598414295, -0.006274867733474826, -0.014069846935692968, -0.025697922264593033, -0.04099585342861696, -0.058947782901260466, -0.08003954942608409
-0.0007560129405234778, -0.002254056630413814, -0.004907706287155294, -0.008688414023206784, -0.013496339694739956, -0.019056431842997826, -0.02552135045573058, -0.0021120470018267954, -0.0063676100306456025, -0.014011785094685605, -0.025390139346843213, -0.04041242335340152, -0.05807658805574307, -0.07886704947422846
-0.0008417450030097306, -0.002346707836321635, -0.004983129235487363, -0.008793307967196365, -0.013638217732521586, -0.01921219807177246, -0.025675333075042488, -0.002428066368054428, -0.006826522295431631, -0.014468104482884298, -0.025841019537057974, -0.04093057520781981, -0.05869966303684128, -0.07962503595740428
-0.0007656517494706968, -0.002195662127093174, -0.004755804745483187, -0.00848620066114316, -0.013241872853072427, -0.018743640689766767, -0.025109522379300052, -0.0022000174508311015, -0.00637400822049454, -0.01385128829918877, -0.02507975443681856, -0.03994069157717415, -0.057449709560234055, -0.07798687770692586
-0.0007361274849008029, -0.002209602947159177, -0.004834818335041682, -0.008544942087619498, -0.013248513984188805, -0.018660539492025563, -0.024972553861999553, -0.0019708907978519576, -0.006112921059210252, -0.013858128798506269, -0.025338440778335258, -0.0402804691000962, -0.05763936280357328, -0.07808026554261693
-0.0007341918971772341, -0.00216667926246477, -0.004752404370531998, -0.008440857496569828, -0.013132896882012825, -0.01853681449828553, -0.024834281936275945, -0.002035175080235661, -0.006062626213015065, -0.013597442010577202, -0.024920958353629074, -0.03977131146191215, -0.05705040804250228, -0.0773856830002888
-0.0007104189069482464, -0.002071377418308367, -0.004507883632701226, -0.008032487108827655, -0.012531161605076436, -0.01775118444109275, -0.023799075496104306, -0.002046581218872146, -0.006088850977679212, -0.013496929971209338, -0.02458189564123956, -0.03909086449780566, -0.05609867802857862, -0.07603930198519582
-0.0007329992444077666, -0.0021946531310555843, -0.004794265403392269, -0.008508568914748415, -0.013248668839510085, -0.01874262556953294, -0.025168340479271366, -0.0022236615224808637, -0.006541185809393201, -0.014218080030839707, -0.025569983495043455, -0.040514241943945914, -0.058076830768442854, -0.07874993183128819
-0.0006866766976666839, -0.0020033279141488318, -0.0044932642847159395, -0.008246762148557688, -0.013065646457059862, -0.018581097766774024, -0.024973463707463308, -0.0020431221946020576, -0.005924983974092409, -0.012966870416072647, -0.023752947734867715, -0.03839208086101499, -0.05577908357956884, -0.07638959126171455
-0.0008188858073775339, -0.002290126099140979, -0.0049085747492901115, -0.008735918483244188, -0.013603818643171907, -0.01919551777240693, -0.025675692802675603, -0.002213483134604547, -0.0063336824068150836, -0.013729407771833695, -0.024996690412735525, -0.04006178163897657, -0.05783518440605354, -0.07873963409959102
-0.0007305409509404128, -0.00220892222609617, -0.0048707136689463415, -0.00864625649166131, -0.013371888867279705, -0.018793192109437216, -0.025024397828001588, -0.002154142526188681, -0.006384633095971833, -0.014096720575621224, -0.025624347894550776, -0.04060991470575913, -0.05811016439185449, -0.0784737750032614
-0.0007362667339448506, -0.0022236342541423456, -0.00483957740122355, -0.00853090158865617, -0.013219294354048687, -0.018635630461116274, -0.02492668569979569, -0.0021552709912586888, -0.006468461064558119, -0.0141843487478791, -0.025532375430593744, -0.04039927154999798, -0.057804136591735014, -0.07825575347063049
-0.0007705497023486784, -0.0022167280851716365, -0.004818189521196432, -0.008584952241120224, -0.013365440620742755, -0.018835620590138342, -0.02518871638564648, -0.002255097581188179, -0.006438373916726592, -0.013842623128130055, -0.02494726489242214, -0.03972133073462247, -0.05706743687280778, -0.07751242947104653
-0.0009019597863255901, -0.0024956049673549104, -0.005215595483202272, -0.009055665293640389, -0.013911860262723558, -0.019459842078650636, -0.025928641371408632, -0.0024285180328073044, -0.006893351628782422, -0.01474230056189482, -0.026317253003328323, -0.0415079254465882, -0.05915245524905049, -0.07995625252478653
-0.0007864231182356666, -0.0022774127832145574, -0.004872940386330545, -0.008568945076104074, -0.013270218777018327, -0.018725244574856602, -0.025051814692263325, -0.0021883118416877543, -0.0065182742202277546, -0.014348824216187354, -0.025904500830406338, -0.0408798360736766, -0.0583921980516535, -0.07891554416756226
-0.0007799000375560268, -0.0022858442095331135, -0.004922026990686629, -0.008645794440723423, -0.013358394128669794, -0.01879006633281676, -0.02508519109204252, -0.0020444922100652427, -0.006289904933201388, -0.014037916399369557, -0.02545584372039648, -0.04034992087398711, -0.0577167784994506, -0.07809138088327214
-0.0007249144353307439, -0.0021780173975100713, -0.004864154969024611, -0.008736088711734733, -0.013631801375792374, -0.01923404698620089, -0.02574016308432354, -0.0019498423368590422, -0.005952625182034723, -0.013437275701289815, -0.024776877935589536, -0.03987276363658371, -0.057614790788228044, -0.07853231857598175
-0.0007109914569624406, -0.002121320776560079, -0.00464840972739197, -0.008276676071800387, -0.01290411577269836, -0.01825611174871516, -0.024470776307358503, -0.0020738364760711126, -0.006213888094957807, -0.013702375533627735, -0.024908222847137076, -0.03969433205723338, -0.05705921222547956, -0.07746224641457297
-0.0007279546805197876, -0.0021621072531582525, -0.00480802990472231, -0.008610118839618028, -0.013406056685448257, -0.01891394662461677, -0.02528065960374793, -0.002017696980679024, -0.00611805794954577, -0.013667678056214496, -0.024926522861749574, -0.039821275617886835, -0.05735457507253796, -0.07791489183443333
-0.0006354159389910322, -0.0020147941059905365, -0.00456744241741401, -0.008266588144477926, -0.013012171708926408, -0.018520724695959934, -0.024936284635838718, -0.0017602005171849493, -0.005604205346914859, -0.012895706067925642, -0.024043140589571386, -0.038934582199024834, -0.056540358443259074, -0.07733373191971339
-0.0007705497023486784, -0.0022167280851716365, -0.004818189521196432, -0.008584952241120224, -0.013365440620742755, -0.018835620590138342, -0.02518871638564648, -0.002255097581188179, -0.006438373916726592, -0.013842623128130055, -0.02494726489242214, -0.03972133073462247, -0.05706743687280778, -0.07751242947104653
-0.0006963380686198121, -0.002143535639386099, -0.004748981443273208, -0.008455178440819834, -0.013168249631887738, -0.01861678356849311, -0.024957920950046564, -0.0019376824292958279, -0.006069629701944169, -0.013651439448269308, -0.02492645360184053, -0.03978343740438571, -0.057221047559365475, -0.0777437011896906
-0.0007473183010607091, -0.0022182096883456184, -0.004829921908136476, -0.008620539841374794, -0.013386610593472079, -0.019036722862556123, -0.02542152781205285, -0.0021410471708170416, -0.006418198936150484, -0.014075850968175265, -0.025629620737667842, -0.040637615414241754, -0.058749614533072765, -0.07936881591638408
-0.0007371247289656054, -0.0022561385118128755, -0.004906319201587601, -0.008629296654280529, -0.01332138349677602, -0.018714234226157294, -0.02493032554002524, -0.0022608440968477908, -0.0066950469471458805, -0.014673737796267013, -0.026411748658506446, -0.04154928486650512, -0.05909599369555958, -0.07956278109932538
-0.0008899501954578071, -0.0024599326275903245, -0.005155044809924582, -0.008974820505030085, -0.01379542763822442, -0.019321871802839133, -0.02573284417711108, -0.002520558001992853, -0.007012275332834248, -0.014819680796481554, -0.02636993412129968, -0.04148205456051486, -0.059088074968392364, -0.079761351442172
-0.0008515577439191367, -0.0024236658505269125, -0.005134020412236175, -0.008969420113708043, -0.013844924544283689, -0.019475504288554338, -0.02603202909779423, -0.0023047869089768786, -0.006747001942149913, -0.014612400924033353, -0.02623364987712841, -0.041478578498963144, -0.05932634958770039, -0.08033058171569843
-0.0007452449858609238, -0.0021940818833508942, -0.004728304048153776, -0.008311454916844258, -0.012868687972333781, -0.018145072358349564, -0.024280528108898452, -0.0022533550228907425, -0.006590666509826991, -0.014292578092464434, -0.02559263510353369, -0.04029840104965793, -0.05746432647698609, -0.0776221420344757
-0.000823745904368715, -0.002328179130123139, -0.004969283488102112, -0.008769251501998117, -0.013585149023485826, -0.01911050233605296, -0.025527446120026456, -0.0022314363596662094, -0.006436386530831952, -0.01399328379845556, -0.025349072657818526, -0.040324496601569886, -0.05782105259129902, -0.07837973969251918
-0.0004262190092821215, -0.001617579190062203, -0.004048400162975499, -0.007611379186328153, -0.012170321458494641, -0.017428965133685158, -0.023499811457523147, -0.0014278442613059141, -0.004960428444189056, -0.01206147147493794, -0.02298700039165348, -0.03756637032008768, -0.05469225818732793, -0.07473383232790783
-0.0006780894521802998, -0.0019942756773752594, -0.004437525172716594, -0.008026875510324568, -0.012593135030769025, -0.01786267400563304, -0.023966792604344662, -0.0018576216857009171, -0.005580844055857461, -0.012701767788702734, -0.023660436306683703, -0.03809619848191232, -0.054991734494051786, -0.07476932390476917
-0.0007954910290483954, -0.0022210254858769933, -0.004788012900062658, -0.00861420053308136, -0.013485347250857387, -0.01905188867237839, -0.02547689803368553, -0.002062531212186577, -0.005903009704481862, -0.012992943425999466, -0.02405349650449812, -0.03889154984526398, -0.056351071476839903, -0.07683307606927715
-0.0006354159389910322, -0.0020147941059905365, -0.00456744241741401, -0.008266588144477926, -0.013012171708926408, -0.018520724695959934, -0.024936284635838718, -0.0017602005171849493, -0.005604205346914859, -0.012895706067925642, -0.024043140589571386, -0.038934582199024834, -0.056540358443259074, -0.07733373191971339
-0.0008447940226451986, -0.0024028426564629093, -0.00503462525817629, -0.008738819849639123, -0.013465491260159395, -0.018939473387227738, -0.02532576578573087, -0.002416028341429535, -0.006985081847121351, -0.014974870698755397, -0.026602657669917786, -0.041671517436161536, -0.05924660481725274, -0.07993660141470553
-0.000874751740575791, -0.002434526439825304, -0.00511383850240819, -0.00892796753552181, -0.013747948073489743, -0.019279636033815828, -0.02568490981839719, -0.0023334631275321654, -0.006691373894501655, -0.014516800623809105, -0.026115100464690212, -0.041224910925339066, -0.05878731219678949, -0.07936008793271342
-0.0007541359033192528, -0.0021703473668286837, -0.004651506587802754, -0.008256641872053634, -0.012888447110181677, -0.018288140014239167, -0.024575731127339413, -0.0022143102078126713, -0.006449337821585059, -0.01391526059124971, -0.025037312720807062, -0.03966314255668041, -0.056919639102677604, -0.07718718832633409
-0.0007296766304794029, -0.002009824023040006, -0.004424450097155715, -0.00806867130345368, -0.012893148422386256, -0.018403420901189876, -0.02462579764130581, -0.002111219595654244, -0.005910187265464706, -0.012839575857505978, -0.02373802992743007, -0.03859115114856142, -0.05613607543886172, -0.07660878658815762
-0.0007987684135424284, -0.0022694615607264184, -0.004892235540664835, -0.008680431948411666, -0.01350398062042666, -0.01903589669426497, -0.025481362066901964, -0.002255091041574297, -0.0064726779509458755, -0.013987449617040026, -0.02522403517513459, -0.04015967797092641, -0.0576713057933454, -0.07836376624716848
-0.0007638973505375012, -0.002152109012791145, -0.0047004667415026, -0.008496584662520583, -0.013405249982817613, -0.019078066467404304, -0.02563601483532884, -0.0021788600831450463, -0.0062368676974525455, -0.013521593439417211, -0.024505137335600516, -0.039411599639419446, -0.057242456184485584, -0.0782958421979705
-0.000809805677672112, -0.0022778735587472947, -0.004790147949947852, -0.008448705436191322, -0.013092957341605439, -0.01864721817767517, -0.02493265259659295, -0.002389670410127878, -0.006830058542830577, -0.014523971232162071, -0.02599703359222382, -0.04080666058961984, -0.05868470071234921, -0.07908211189905467
-0.000650884619068304, -0.0019860200312679633, -0.004563698512906057, -0.008380222323122829, -0.013231525210846626, -0.018806461180396868, -0.025270798252222955, -0.0019391287239125812, -0.005768014531621275, -0.012865573328609431, -0.023787966058781543, -0.03859050718248297, -0.05623754194474737, -0.07717973581158938
-0.0008225622316167112, -0.002381066584774243, -0.0050705796240617055, -0.008848830003710697, -0.013630543735222723, -0.019146392755672557, -0.025546231774051038, -0.0022463948126484157, -0.006661829578511543, -0.014529201388054469, -0.026090404733514486, -0.04118274371029544, -0.05881640878492993, -0.07952490354927252
-0.0007048924549156689, -0.002066437355039473, -0.004539667099432096, -0.008245263219011964, -0.012956228445351237, -0.01855416878877532, -0.024872592261014525, -0.0019903404580781884, -0.005887264800033806, -0.013121436425560575, -0.024384611948017675, -0.03913923139710093, -0.05696465013331039, -0.07727566818622349
-0.000732309912072273, -0.002071302477540706, -0.004605783289415302, -0.008515962725787012, -0.013569938197429458, -0.01937780205614703, -0.02606285122634681, -0.002047599863453804, -0.005910011240009828, -0.012974702740322941, -0.02384281470420745, -0.03863969229934972, -0.05643367486767703, -0.07752229753282092
-0.000564209654368988, -0.0016617708340103678, -0.003965468681878196, -0.007697186272080654, -0.01256765263738029, -0.018150576916568916, -0.024531328747149285, -0.001843264217016069, -0.0053613438618039825, -0.011964352885736522, -0.022288491928806067, -0.03646102900883996, -0.05365664577895749, -0.07406554831316414
-0.0006691387341590388, -0.0019932831529548595, -0.004475698229541332, -0.008183179844384878, -0.012995920985384067, -0.01856859976415101, -0.025049936216781265, -0.0018349274208448374, -0.005546451318832329, -0.012678380182691145, -0.023810207822818164, -0.03881102159218797, -0.05650533211440887, -0.07736172729106147
-0.0007169798911920167, -0.0021298084724198857, -0.00463354855393611, -0.008203479660781764, -0.012769944054533555, -0.018060699582650358, -0.02423826267693262, -0.0020832356284144556, -0.006214558582321326, -0.013657640268877011, -0.024701007989706484, -0.03921829252804583, -0.0562182221590328, -0.07628652008397666
-0.0008824752823795798, -0.002508954657562865, -0.005271499795889803, -0.009113611479879906, -0.013957048719398063, -0.01952003373468071, -0.025982348228497244, -0.0024138954167776377, -0.006984933101385926, -0.015036218404580843, -0.026772138083300947, -0.04197534716230693, -0.05963684746821162, -0.08034472140882734
-0.0007367262890752529, -0.0021522905705781267, -0.004706780349434057, -0.008437147785267446, -0.013197266776181382, -0.01867945303129802, -0.02504414836979892, -0.0019897317427432573, -0.005973825612996435, -0.013306967873627132, -0.02442328070662091, -0.039205241727334667, -0.05657696685381396, -0.07700139159403582
-0.0007313837854006772, -0.0021218931154127554, -0.0046447126419112235, -0.00832602813773267, -0.01304362015009614, -0.018489201162592724, -0.024812496748320843, -0.0020420642994131463, -0.00604345092697494, -0.013422846660825976, -0.024526404882481045, -0.039297790465953504, -0.056679740361429, -0.07713039590611766
-0.0007249144353307439, -0.0021780173975100713, -0.004864154969024611, -0.008736088711734733, -0.013631801375792374, -0.01923404698620089, -0.02574016308432354, -0.0019498423368590422, -0.005952625182034723, -0.013437275701289815, -0.024776877935589536, -0.03987276363658371, -0.057614790788228044, -0.07853231857598175
-0.0007370269880588807, -0.0022181525390371267, -0.004809237496641203, -0.008446984306546092, -0.013081917642739182, -0.018427172634618395, -0.024673464527060925, -0.0021492645873269645, -0.006466098177438727, -0.014207535971021017, -0.0255297407852319, -0.04031336353487338, -0.05752887316314172, -0.07784550223496234
-0.0007035926833155582, -0.0021653204623747887, -0.004772825543149212, -0.008487834039568754, -0.013228742338598585, -0.01872018129862654, -0.025121831471623366, -0.002003949064576083, -0.006198523441750613, -0.013812985563167677, -0.025156287978786846, -0.04014236871456683, -0.05775633904798321, -0.07853684581684721
-0.0005623306659041961, -0.0017870469405379872, -0.004215059234968135, -0.007808898935470946, -0.012386121022974797, -0.017683207885876958, -0.02379162314222498, -0.0018031125547983142, -0.005582530581636692, -0.012830219738782412, -0.023837505428520867, -0.03847015311162251, -0.055785053906886276, -0.0760711213040653
-0.0007458750248687985, -0.002161331386610267, -0.004747987983433045, -0.00851850003105824, -0.01330979033996168, -0.018800270342314587, -0.025179821488481063, -0.0021415389655727026, -0.006238894659293111, -0.013639353112933253, -0.024822927591407546, -0.03975078485109518, -0.057313527339564865, -0.07804926813072963
-0.000726027449520043, -0.002228240037978206, -0.004955481177037255, -0.008812060825966537, -0.013675744978601094, -0.019254946305468264, -0.025736422982650935, -0.0019098747612974001, -0.006012090228164425, -0.01371072521900591, -0.02523836990011707, -0.04042107399468475, -0.05816934667952556, -0.07905705993199566
-0.0008267482261435162, -0.002384616088863797, -0.005098616241053791, -0.00893264692977038, -0.01378148865654189, -0.019358518570800863, -0.025838338391881717, -0.002161712881466861, -0.006497593017877922, -0.014396510741439671, -0.026074334119912397, -0.04126450576529343, -0.058930786068656794, -0.07968012406097393
-0.0007370095839563011, -0.0021705222635100357, -0.004729286512094144, -0.008363644956331857, -0.012949957753184287, -0.018219195975681352, -0.02432268292750652, -0.002057380479904844, -0.006160075449475243, -0.013694246390061053, -0.024899195771183803, -0.03947120331076385, -0.05640841588027295, -0.07622080550887395
-0.000795236105766128, -0.0023252950317687814, -0.005015442597867453, -0.008770835126723556, -0.013481709213701237, -0.018859318742154938, -0.02509640115379077, -0.0020886032210469057, -0.0062976748929476556, -0.01410286551799483, -0.025562683837991963, -0.040357206590120424, -0.057405211740623616, -0.07738836852367335
-0.0007274938786827411, -0.0021178492632150476, -0.004713686152047162, -0.008586609092679824, -0.01354368185827442, -0.019260712198513493, -0.025883330050840626, -0.002077309900344137, -0.006064275334414957, -0.013249128413026702, -0.02424403575416656, -0.039138805542280435, -0.056952173015009426, -0.07800661986583678
-0.0007271370491829431, -0.0020907798857103324, -0.004588666464755031, -0.008259638186449363, -0.0129959455951382, -0.01849355481841704, -0.024870455394868016, -0.002143605810926498, -0.006248509266674656, -0.013695759803035164, -0.024870759745572995, -0.03978771412210211, -0.05740859736227063, -0.0781168964800653
-0.0008289638316035744, -0.002412262693001518, -0.005146965240372997, -0.008972353424348996, -0.013781775838224751, -0.019305859232370656, -0.025694829388797715, -0.002337779663349828, -0.0068461312681856665, -0.014860793163438043, -0.02662269301246103, -0.041851384339943246, -0.05956336144057315, -0.08027547074318545
-0.0008010239788126146, -0.00230155899361972, -0.005004087780700127, -0.008904640320001692, -0.013835884879157448, -0.019456242652440135, -0.02597560153566078, -0.002135118556621237, -0.0062223340777365285, -0.013669914248396633, -0.02495398163029916, -0.039997582700457966, -0.05760533479766946, -0.07834005651529671
-0.0008028195169710479, -0.00225167850798743, -0.004864667461746122, -0.008699433359990847, -0.013540332589108391, -0.019062817574052614, -0.025423169540771055, -0.0023556322764273423, -0.006546653803898478, -0.013869776934417974, -0.02495029487016906, -0.039752898724342726, -0.05724027517574644, -0.07778124179493402
-0.0007220196534539688, -0.002165647340131481, -0.004702093339165677, -0.008304701978474488, -0.012910912774411547, -0.018238882363218863, -0.024455137785992474, -0.002031932556539708, -0.006250903144293532, -0.013925950298901852, -0.025269959866184907, -0.0401107301579887, -0.05743050065926348, -0.07785060551357119
-0.0005527650552905205, -0.0018969735744053464, -0.004491574412973373, -0.008182702733047777, -0.012842129849121673, -0.018185646329660465, -0.024356782246790346, -0.0015656747366999042, -0.005342723646126734, -0.012883141390405946, -0.024327694861835926, -0.039358562215647076, -0.05685933377859689, -0.07729832704831481
-0.000557477295485814, -0.0018491041803743076, -0.004395114778964556, -0.00810328414160573, -0.012773777960708256, -0.018150246532907196, -0.024330990014069808, -0.0016131877778304067, -0.005363073080374952, -0.012745420940458574, -0.023972602495348806, -0.038770023212309546, -0.05618827751754187, -0.07650269167358709
-0.0008188858073775339, -0.002290126099140979, -0.0049085747492901115, -0.008735918483244188, -0.013603818643171907, -0.01919551777240693, -0.025675692802675603, -0.002213483134604547, -0.0063336824068150836, -0.013729407771833695, -0.024996690412735525, -0.04006178163897657, -0.05783518440605354, -0.07873963409959102
-0.0007036563155186776, -0.002150058848178205, -0.004788023757381057, -0.008578813695532274, -0.013262259365076417, -0.018771204552180076, -0.024914042993893472, -0.0020393456047106463, -0.006210713201508282, -0.013869513529421913, -0.025408376659415217, -0.04024283048315747, -0.05802933744321015, -0.07809338386005849
-0.0007578791458443288, -0.0021621428537665316, -0.004741916326074207, -0.008533397694032826, -0.013361845652760544, -0.018916133486688257, -0.025354186816568966, -0.0021794624966083214, -0.006312961143557596, -0.013783126663705559, -0.025031458432892426, -0.0400369447858324, -0.057782576002157734, -0.07866794183288213
-0.0007873978653061139, -0.0023007730749848095, -0.004944240316221754, -0.008678006303959901, -0.013408725218113976, -0.018864926724311015, -0.025199400495164816, -0.0021655210061152174, -0.006475459560110884, -0.014280076189549679, -0.02576330196828875, -0.04065626149677546, -0.05799431398753573, -0.07832407974047619
-0.0007473183010607091, -0.0022182096883456184, -0.004829921908136476, -0.008620539841374794, -0.013386610593472079, -0.019036722862556123, -0.02542152781205285, -0.0021410471708170416, -0.006418198936150484, -0.014075850968175265, -0.025629620737667842, -0.040637615414241754, -0.058749614533072765, -0.07936881591638408
-0.000757736696067319, -0.002287891252866757, -0.004999569030428973, -0.008821741734878139, -0.013659802905353423, -0.019221964459927573, -0.025701113439221823, -0.0020014530396144474, -0.006219820073594218, -0.013959387925964824, -0.025451314163729286, -0.04057966497394608, -0.05826759233651198, -0.07913205701914226
-0.0006705814335323102, -0.0019950178242784064, -0.004513477346158328, -0.008239961893420215, -0.012958636552505783, -0.018386638432926813, -0.024626290273698385, -0.0019070408698407893, -0.005739376200201729, -0.01306995032512169, -0.024266257164973416, -0.03902810819657988, -0.05637834875804387, -0.07659771557324188
-0.0007585787297506901, -0.0022202729832075836, -0.00488826045260312, -0.008746912252965786, -0.013638583542074551, -0.0192353126718662, -0.02573847154074511, -0.0021498644181489517, -0.006330457015643118, -0.013883552961976884, -0.025222189396053224, -0.040336713278255006, -0.05811631248262024, -0.07912465185224989
-0.0008467397793319309, -0.002321339786222792, -0.004909411859531726, -0.008732832802228934, -0.013650439191492236, -0.019300621494615654, -0.025892160524865586, -0.0022788201670698453, -0.006415919181790553, -0.013702868937157811, -0.024801391375483612, -0.03979185441723888, -0.057499849554039764, -0.07849075364717112
-0.0007492696095510261, -0.0021578906061958773, -0.0046125511711309014, -0.008167439718485395, -0.012650819604100996, -0.017985119437460013, -0.024010078658626244, -0.002194051577876733, -0.0064224356238216885, -0.013914874603087069, -0.025094093068035984, -0.03946878121093782, -0.05675366248160962, -0.0763831793033366
-0.000785542026779341, -0.0022718607158160125, -0.0049327666173081515, -0.008793694771519273, -0.013721216149935801, -0.019384401968841416, -0.02598644239706875, -0.0020904344303634592, -0.006227799825770378, -0.013776548616150852, -0.025121953816358535, -0.04026359585331885, -0.05808519672145535, -0.07917102283636927
-0.0007469085632917266, -0.0022468342500742565, -0.004871853965883995, -0.008561674049507147, -0.0132422186537461, -0.018641817367399584, -0.02491653898522749, -0.0021566248951566834, -0.006516146978214006, -0.014293922578581184, -0.025663833871521626, -0.040476119466331874, -0.05774865907435183, -0.07803581526581596
-0.0007903114637745096, -0.0023015139371799363, -0.004927452601522352, -0.008650331778913618, -0.013395248806625387, -0.01888221087699442, -0.025275503895717904, -0.002337897344905674, -0.0067702160291922085, -0.014531252870577546, -0.025975433242020795, -0.04101372462219673, -0.05864811774699941, -0.07940987612650363
-0.0006792293989198907, -0.002084020289731168, -0.004680836752742426, -0.008407620336768626, -0.013156661847239992, -0.018638324126853983, -0.02502800380130067, -0.00182564310315085, -0.005802121392649987, -0.013377687275333042, -0.024735180005478766, -0.03971739504191007, -0.05726052485067246, -0.0779471078120756
-0.00079229473347278, -0.0022975386377011896, -0.004953500781334385, -0.008727608676032969, -0.013501501954885588, -0.019000437459389723, -0.025382004942514243, -0.0021894044191333195, -0.006486675864337133, -0.01425971912751229, -0.025778471030753397, -0.0408051896507659, -0.058332996240002245, -0.07887166234726158
-0.000820764342039808, -0.0023120188232377916, -0.0049653223419531215, -0.008845060446340968, -0.013761795181992038, -0.019394142531788575, -0.025905777702636457, -0.0022124467319483733, -0.006332663527062009, -0.013801188405971871, -0.025205481099822173, -0.04031870960910456, -0.0580288219082766, -0.0787832707129967
-0.0008292892905953609, -0.0023314282982484307, -0.004996355358760789, -0.008860345821970728, -0.013786992395755034, -0.019442660947883886, -0.026042180837869307, -0.002313527112957334, -0.006598280792332444, -0.014226975210883886, -0.025706768175603693, -0.04099806819790295, -0.05895783097799998, -0.08020503182637347
-0.0006334400604064568, -0.0018097820993819458, -0.004206062390073624, -0.008070392718810026, -0.013133384543822929, -0.01895267019610127, -0.02561187060232469, -0.001887765738134792, -0.005475366831764816, -0.012252255896775718, -0.022852650628925497, -0.03742993781753911, -0.055115504048188615, -0.0761844610836931
-0.000733570956694065, -0.0021600964511026277, -0.004754639712193022, -0.008495884470492591, -0.013271954127480435, -0.018772395161231095, -0.025180416585206814, -0.0019870344966144904, -0.005974591044202727, -0.013379686813900062, -0.024539821956506176, -0.03937653729069148, -0.05679829611238748, -0.07735382308638555
-0.000818096384163271, -0.0023569079536771695, -0.004968795141220296, -0.00867926600579976, -0.013319825391088582, -0.01884065180006711, -0.02505141655725313, -0.0023393319567906272, -0.006853080897278965, -0.01473288298405843, -0.026339704061032167, -0.041159074558253905, -0.058979984319069874, -0.07916270107194255
-0.000816962255911254, -0.0023190063010422174, -0.004956071443487614, -0.008785097776828628, -0.013585192269131286, -0.019269939858960947, -0.025668415032338916, -0.0023218251570088838, -0.006629494997010567, -0.014216402700850705, -0.02569275743832102, -0.04063036352199537, -0.05867909278495408, -0.07919294076037472
-0.0007919802891214186, -0.0023201151092914663, -0.0050038723490019995, -0.008786823210250518, -0.013566968408663654, -0.019043630850750868, -0.025419083095389046, -0.0021239721035364915, -0.00637727661974658, -0.014117002233674545, -0.025581251679410437, -0.040578281339867184, -0.05800726407075906, -0.07854309575691394
-0.0007928578508583128, -0.002302028026142099, -0.005009213590026683, -0.008894225194098666, -0.013795105838509267, -0.019417134716574268, -0.025921552429210525, -0.002140645931095875, -0.006334625018838283, -0.013998989184649136, -0.02554268098628918, -0.04076140960530095, -0.05859049863957664, -0.07947765752257538
-0.0007490859922234593, -0.0021608279603732264, -0.004635392131325056, -0.008205772415024641, -0.012777770341758839, -0.018114823750475524, -0.024324690938160542, -0.0022568196532787715, -0.006535743761430191, -0.01410970992412442, -0.02531822920053387, -0.03994661759109446, -0.057144254636845734, -0.07734277068591272
-0.0006933736788469129, -0.002076363997494618, -0.004680776160439533, -0.008510021655989719, -0.013357790256290785, -0.01908843093643938, -0.025637514018302384, -0.002056192100374022, -0.006103257393064166, -0.013384397539343383, -0.024262625777627857, -0.0389843980591566, -0.05660275738517751, -0.07737542530557333
-0.0007207189894066964, -0.002191229228388438, -0.004841435695005385, -0.008581303293420373, -0.013312570652642328, -0.0187462482803054, -0.02507652684435247, -0.0019081277768110635, -0.006005680928220296, -0.01371692698093798, -0.025152742607307627, -0.040090333654563715, -0.05744732527625517, -0.07789558087343883
-0.0007525084073121582, -0.002227558943284862, -0.00486899394249689, -0.008656654155224772, -0.013461021615936427, -0.01899836887208531, -0.02542575314230102, -0.0020395637751788836, -0.006186338663558619, -0.013730008234972692, -0.025021191664306892, -0.03996802624907757, -0.0575506611970012, -0.07824446505247011
-0.0008334068119927913, -0.0023430187668370198, -0.005007495039247167, -0.008823122644926231, -0.0136128534085561, -0.01910595229528283, -0.025428159753656133, -0.0022073171141826606, -0.006407280498407578, -0.014115271616980368, -0.025666618971086727, -0.04064549756811963, -0.058046476314911125, -0.07826954129730983
-0.000872679184850019, -0.0024738528440591337, -0.005177865193447016, -0.008925408411313698, -0.013640323190748267, -0.019051623829706644, -0.025323602689400263, -0.002359476934922997, -0.006892713576264823, -0.014914118706092364, -0.026494103786536757, -0.04133388376521044, -0.058499926926137445, -0.07856893447647961
-0.0007665757714126091, -0.0022290089891879453, -0.004872953363553523, -0.008697574644889171, -0.013557605738571126, -0.019141834457496967, -0.025635815648559022, -0.002129853129192348, -0.006268946518212963, -0.01370618805915794, -0.02488425854635754, -0.03980512601459293, -0.05740966119475866, -0.07820047638107468
-0.0007119497494507262, -0.002091795029414618, -0.0046304358234857896, -0.008365904032254689, -0.013159070837751315, -0.01870750831049828, -0.02516501933917614, -0.002045875694836014, -0.006094286686171675, -0.013428336446754105, -0.02454398184373429, -0.03946732459314773, -0.05720345991222056, -0.07815577834261318
-0.0007396354494701773, -0.002175661180594432, -0.004724710803000568, -0.008383235855135495, -0.013041743336829292, -0.01844768007960444, -0.02470865658770147, -0.0021458935456736116, -0.006383819389795958, -0.013984217454383675, -0.025289529076056576, -0.04012649453449523, -0.05757529866993654, -0.07801438525513653
-0.0007112942504841591, -0.002064870656225279, -0.004621834872178272, -0.008501879742112662, -0.013465435534701755, -0.01915558604875495, -0.025716178336295935, -0.0019871108278674437, -0.00586636450073773, -0.013059698433960563, -0.024219767276504992, -0.03932661250430719, -0.0573259706520915, -0.07856392718613195
-0.0007441608999417392, -0.0022139970250578725, -0.004812361624536272, -0.008541472367767705, -0.013295757735696362, -0.018818397101012165, -0.02522587493107558, -0.002117591323026636, -0.006355049814473573, -0.01400383497559269, -0.025464424464916473, -0.04053793308463963, -0.05828047229472664, -0.07910507164235504
-0.0007508278948480403, -0.0021637016561556126, -0.004699762919523048, -0.008403433888111503, -0.013126635491215703, -0.018563079640470954, -0.024879705060456773, -0.002114472121007931, -0.006141877289191226, -0.013476824125037567, -0.02460278540718512, -0.03930442385389641, -0.056502833195407304, -0.07672009662273109
-0.0007925786118086287, -0.002218770979174268, -0.00476296273223213, -0.008511075990648514, -0.013321768621742957, -0.018871081617013813, -0.025331548589495333, -0.0023009276539490853, -0.006498222343169584, -0.013838737374624271, -0.02490188762682818, -0.039746939500683566, -0.05733162498403197, -0.07813225450541264
-0.0007807262067324232, -0.0022209380607259737, -0.004783987526197823, -0.008549382889366713, -0.013359345010957268, -0.01892773332861855, -0.02536099199343751, -0.002119482019029477, -0.006203655835458709, -0.013609249574054088, -0.024857184447771245, -0.03978843574247002, -0.05740465436110275, -0.0780501074974187
-0.0007703365685804758, -0.002227399914447355, -0.004750184795471034, -0.008407958028292714, -0.013029027253664498, -0.018531970748707362, -0.02474976899867064, -0.0021906819117475593, -0.006436341423181973, -0.013987030798393685, -0.025305917024927505, -0.03988801713336793, -0.05742934678752446, -0.07741334055328689
-0.0008052249651384084, -0.002244215541353857, -0.004832004518716369, -0.008708617301384591, -0.013728852555986017, -0.01949837912644435, -0.026204638831083715, -0.002237019179195347, -0.006370369206056697, -0.013648640233037046, -0.02457910878456791, -0.039460838672615316, -0.0572562391267584, -0.07842932729251914
-0.0009068121771337562, -0.002444061243578163, -0.0051292625858078145, -0.009026247379832158, -0.013988305818128509, -0.019648492537770842, -0.026232600296456965, -0.0024898986810916843, -0.006857471886897859, -0.014419822863651111, -0.025681979461759763, -0.04071636477202929, -0.05838151289752521, -0.07923299424397712
-0.0007968584621690397, -0.0023233964516164688, -0.004975106220167599, -0.008717343745138419, -0.01347069395034946, -0.018957944987507854, -0.025337932654647802, -0.002201790942854717, -0.006576694100286308, -0.014405134246171307, -0.025912314213682997, -0.040928770688429275, -0.058454786451778463, -0.07908660289258626
-0.0007361455908112966, -0.002160308065864782, -0.004733420278116642, -0.008446330069255178, -0.013181629469856352, -0.01863488761190143, -0.02499692919264577, -0.002130628113168941, -0.00628448537245932, -0.01377872199048494, -0.0250237666235306, -0.03995659416456928, -0.05748106308175872, -0.07818929277535815
-0.000748028591848415, -0.002234764422614704, -0.004858631549644326, -0.008552641228422366, -0.01321394467811037, -0.018575263014796978, -0.024789828192022967, -0.0021535284103539813, -0.00641437548039666, -0.01409236130306305, -0.025419672831024236, -0.040213905839794964, -0.05748343278516325, -0.07773158490202105
-0.0008639012056256612, -0.002429816890302925, -0.005152624745204443, -0.009037520352103045, -0.013946632744989843, -0.019581105803576065, -0.026119433685919638, -0.0022966596797726847, -0.006641802235883256, -0.014444464456849429, -0.026095280142759792, -0.04139398628189489, -0.0592621021394715, -0.08024600066728181
-0.0006580785742062998, -0.002031192935295931, -0.0045498570949216, -0.008172435494484747, -0.012784194830765299, -0.01812005339950468, -0.024317879230227928, -0.0019518197325957198, -0.006017447303359801, -0.013542764408258573, -0.02478742865758018, -0.039543760799590974, -0.056840097536455435, -0.07714377016017418
-0.0008077288014288347, -0.002264901482787339, -0.004857521265143345, -0.008672087290099707, -0.013529361508256028, -0.01910463442076203, -0.025554098954662128, -0.0021257342852005518, -0.006102850761827606, -0.01337364065787119, -0.024550246988899124, -0.039470561089147364, -0.05703247947914837, -0.07764341257477249
-0.0007204622071459744, -0.0021913720691559505, -0.004777411074425139, -0.008438115460420618, -0.013104088101552447, -0.018504163365131464, -0.024788336388173147, -0.001993272048608792, -0.0061877045186378155, -0.013893261186132254, -0.025299317286908877, -0.04018076501308824, -0.057553497645207334, -0.07799093787726756
-0.0007370518596248385, -0.0022038560510152555, -0.004843458160488597, -0.008711164930030395, -0.01358471719044819, -0.01937035907798966, -0.025907243027733357, -0.0020370698139593017, -0.00617808472383596, -0.013654053895648497, -0.025026166592007595, -0.03995499084815363, -0.058083437656006605, -0.07877117219831169
-0.0007504117755927937, -0.002232464326036037, -0.004828810221736588, -0.00851905824139867, -0.013204583431611974, -0.018628502033441817, -0.024902108078940173, -0.0021203649200512336, -0.006416758174887065, -0.014224623457126528, -0.02570891259716354, -0.04052755711576913, -0.0577969687320517, -0.07797817520244459
-0.0007512499540062828, -0.00215828820143679, -0.004681391415872835, -0.008385231503369863, -0.013112774879376763, -0.018559197041199686, -0.02487262653841576, -0.0021255624646703748, -0.006161581448036227, -0.013456406810973731, -0.024528866789775682, -0.03920107307453746, -0.0564226343587375, -0.07664902783602702
-0.0007515843927260398, -0.0021740700845439315, -0.004753851930794859, -0.008518034188637376, -0.013324685136018236, -0.018859298202657287, -0.02531273193191938, -0.0019620972159227136, -0.005892053961335336, -0.013304655765721738, -0.024632066981444215, -0.039644199383308903, -0.05721059983911194, -0.07792822331991112
-0.0006559869216839549, -0.001959070080442209, -0.004451543074917073, -0.00822549639292366, -0.013101597507845468, -0.01872801887549078, -0.025239809661473215, -0.0020640213832931174, -0.006060079916677548, -0.013139220017316428, -0.02375958176749331, -0.03818637723754606, -0.05562564196378003, -0.07646254601139028
-0.0007612715463172357, -0.0021945968745294636, -0.004782131408293909, -0.008583783777684663, -0.013453021825142353, -0.019081006179886256, -0.025632796745687837, -0.0020592168832811826, -0.006081034823770166, -0.01347905041245402, -0.024770715984882737, -0.03980288443409673, -0.05750391630270036, -0.07836606215993007
-0.0007150405672038961, -0.0019680233257812815, -0.004383535756675257, -0.008218454772138752, -0.013230929803545646, -0.01898928242356474, -0.025595896672069202, -0.0020358268516275577, -0.0057968531757318816, -0.012722310424485853, -0.023421491075341062, -0.038060858104984954, -0.055803889279683945, -0.07689192419266316
-0.0007476748975060673, -0.002177921370166464, -0.004790913095266563, -0.008562640703418226, -0.013313590067312083, -0.018744426899740936, -0.02502129697422342, -0.002072053325285885, -0.00608908046462, -0.013533922187824069, -0.024784571401668346, -0.03961069380218505, -0.056937055006701855, -0.07722343476969497
-0.0007538352195568849, -0.002152637751145812, -0.004750968044375423, -0.008632424773777148, -0.013579489647926863, -0.01923289526612881, -0.02576222656678819, -0.0021181966298815707, -0.006134201988423812, -0.013390816859153689, -0.02448438903853037, -0.03949208865187074, -0.057341152337284935, -0.07843702928565274
-0.0007021159666438762, -0.0019167177861148003, -0.004236109419549369, -0.007966052574680353, -0.012919908496682266, -0.018645727727447117, -0.025233267778668193, -0.002258951686604283, -0.0062617067825782935, -0.013116245664553002, -0.023317098881347094, -0.03727972664955837, -0.054379137952959, -0.07494494331701125
-0.0007677871062717281, -0.002238502724636446, -0.004855746735317991, -0.008611564408044633, -0.013362040065507733, -0.018822043752668705, -0.025144173387292246, -0.0020699183061394567, -0.006197472975691638, -0.013802179872675952, -0.02519083484972824, -0.04008656564161309, -0.05746011289468539, -0.07778856548580389
-0.0008519981423617662, -0.0024286269828383594, -0.005092381422419079, -0.008851785123298397, -0.013645850924964485, -0.01921227461235885, -0.02569233225673636, -0.0023649287443223786, -0.006920140999820331, -0.014919727192583198, -0.026592668925032314, -0.04173035667395267, -0.05943766301799147, -0.08023356334447525
-0.0007371247289656054, -0.0022561385118128755, -0.004906319201587601, -0.008629296654280529, -0.01332138349677602, -0.018714234226157294, -0.02493032554002524, -0.0022608440968477908, -0.0066950469471458805, -0.014673737796267013, -0.026411748658506446, -0.04154928486650512, -0.05909599369555958, -0.07956278109932538
-0.00089204082820095, -0.0024031551401018417, -0.00499916613690187, -0.008803482911687447, -0.013639659133940373, -0.019179386830986352, -0.025582955187611663, -0.002303173630396046, -0.006362664237321496, -0.013693529905469988, -0.024999270545714818, -0.03992673236968785, -0.05733634831843267, -0.07771423629673303
-0.0007149170285108916, -0.002198100172338423, -0.004860638018153623, -0.008584894956147239, -0.013313853451997443, -0.018768998830481054, -0.025115122723270954, -0.001980572691485551, -0.006169017416911454, -0.013929636363492818, -0.025324902053005104, -0.04026032656287735, -0.05771277443271947, -0.07822150000230695
-0.0007029773600964637, -0.002140449713049136, -0.004716919175436597, -0.008359790292144282, -0.012975279026725184, -0.01828230749362039, -0.02446039340574546, -0.002091942972173351, -0.006284021673153493, -0.013888046865353052, -0.02512981545013089, -0.03983007446741201, -0.05696585971034592, -0.07713367073697788
-0.0007370269880588807, -0.0022181525390371267, -0.004809237496641203, -0.008446984306546092, -0.013081917642739182, -0.018427172634618395, -0.024673464527060925, -0.0021492645873269645, -0.006466098177438727, -0.014207535971021017, -0.0255297407852319, -0.04031336353487338, -0.05752887316314172, -0.07784550223496234
-0.000787245289973304, -0.0023025732205532467, -0.004888557764060448, -0.008538100814365554, -0.013207364376829551, -0.01863129258203302, -0.02496481482363491, -0.0023433780198999677, -0.006840079664499086, -0.014742894214396967, -0.02626380742344987, -0.041254989835148144, -0.058768671387017066, -0.07940666440719918
-0.0008179547493647211, -0.0023038661026647898, -0.00491033543104159, -0.008639235682736439, -0.013384778516665218, -0.018860588956055743, -0.025221187822693655, -0.002391205114702726, -0.006747844132590221, -0.014393179714848168, -0.02573343683996401, -0.040680868674525056, -0.0582179945433452, -0.07883707327480156
-0.0007690424783291553, -0.0021805211282128817, -0.004718487077661497, -0.008428756068477442, -0.013172455034445587, -0.018617484241129814, -0.02496626042676583, -0.0022210664237860334, -0.006307782230338187, -0.013604995713317008, -0.02461208228524527, -0.03928786739828435, -0.05651493473597488, -0.0768815934257755
-0.0008529441434956364, -0.002386875309881131, -0.005053036638113137, -0.008916492251488233, -0.013851494355665243, -0.01953219160925959, -0.026137729548575267, -0.002360521863643491, -0.006717576490313252, -0.014333840332913043, -0.025689621161745464, -0.040787565979880154, -0.05856574239929671, -0.07953700527025662
-0.0007891857083603633, -0.00234270252876276, -0.005046341290761143, -0.008832693677971789, -0.013639489545319922, -0.019173701807137733, -0.02564413504420032, -0.00221872066263465, -0.00663788937723797, -0.014504693085511618, -0.026012949239382386, -0.04106886411894884, -0.0586082115039153, -0.07933125795189355
-0.0007291509763911074, -0.002177571738854655, -0.004730967175422235, -0.008349929513184083, -0.012966870486394987, -0.0182958225718894, -0.024511927223480688, -0.002082244553280461, -0.006286910616422985, -0.01389997849466978, -0.02515872374727026, -0.03996331986326281, -0.0572661980469716, -0.07768185143519006
-0.000774708417474124, -0.00215910847098699, -0.004634683858709561, -0.008320105250242524, -0.013087342078769701, -0.018600828089671624, -0.025025126454127713, -0.0023884691425798653, -0.006651778243741717, -0.013922359526011448, -0.02480828665156456, -0.039502858993557446, -0.057021648467753726, -0.07779962411848933
-0.0006101714719180278, -0.001847991661780692, -0.004199116259803016, -0.007714732081228631, -0.012254720332658441, -0.01752096099185472, -0.023651093524038727, -0.0019222110064437744, -0.005749341358195981, -0.012768672300503296, -0.023479374477460672, -0.03789924052390455, -0.055059272663923506, -0.0753059547956469
-0.0007370605703959552, -0.0022264352282255232, -0.004846517622146509, -0.008537292691445188, -0.013226386682416068, -0.018641033104729116, -0.024942034372514688, -0.002015277438244473, -0.006201078093529119, -0.013895750646714068, -0.02531729879684011, -0.04023873952514221, -0.057656745547954705, -0.07811474374525851
-0.0008770092542913206, -0.0024200508889634176, -0.005077395097894286, -0.008871834541916557, -0.013659246133058033, -0.019143021696293495, -0.02547916955812965, -0.0023706488565726114, -0.00669943019913948, -0.01440288623367376, -0.025882669210123013, -0.04083534520872111, -0.05819582277390512, -0.07847951026317872
-0.0007609171182492331, -0.0022420406389754574, -0.004818865322870769, -0.008451142881168876, -0.01307058324504923, -0.01840776606962, -0.02461114098950411, -0.0021551994251626043, -0.006483358450690329, -0.014303659468833364, -0.025792619625169537, -0.04074037228897195, -0.05816958263264235, -0.07865575329776245
-0.0009098468748519233, -0.0025576450579754733, -0.005386367551808316, -0.00937533550256469, -0.014394435434686883, -0.020144007773372927, -0.02680160003591596, -0.002420683678349937, -0.00695804608247307, -0.014962821782028866, -0.026799596548636475, -0.04228049477019561, -0.06033615419860805, -0.08151194273409261
-0.000727997871324713, -0.0021611343579460724, -0.004723482102900804, -0.008362713595434845, -0.012973582738400595, -0.0182830131616593, -0.02444844244308257, -0.0022083561783408268, -0.006463197800144095, -0.014105790299307662, -0.025449048437490972, -0.04030214924987267, -0.057656272570627304, -0.07803445736169415
-0.0007525084073121582, -0.002227558943284862, -0.00486899394249689, -0.008656654155224772, -0.013461021615936427, -0.01899836887208531, -0.02542575314230102, -0.0020395637751788836, -0.006186338663558619, -0.013730008234972692, -0.025021191664306892, -0.03996802624907757, -0.0575506611970012, -0.07824446505247011
-0.000795684712251742, -0.0023300287040149913, -0.005025917761390769, -0.008841701129707894, -0.013664026049653253, -0.019208163556276896, -0.025639355295988982, -0.002194870108886854, -0.006512967757775122, -0.014248627934126647, -0.025690346361735783, -0.04068302243622135, -0.05822134658750237, -0.07879821215822726
-0.0006796364097244134, -0.0020897182082546665, -0.004757051592754793, -0.008611465427625763, -0.013486150564400988, -0.01907305974356643, -0.025547591550316554, -0.001857597140466229, -0.005817751036906629, -0.013193018812145818, -0.02421789016782384, -0.0390013433489162, -0.05657110707404997, -0.07736184894111856
-0.0008010239788126146, -0.00230155899361972, -0.005004087780700127, -0.008904640320001692, -0.013835884879157448, -0.019456242652440135, -0.02597560153566078, -0.002135118556621237, -0.0062223340777365285, -0.013669914248396633, -0.02495398163029916, -0.039997582700457966, -0.05760533479766946, -0.07834005651529671
-0.00073117975059697, -0.002119546689683088, -0.004736104605390097, -0.008649505106985431, -0.013662467203973894, -0.01940837367197706, -0.02608494975465585, -0.001941074282591391, -0.005793226685605866, -0.013019397695184964, -0.024192995564160453, -0.039354872475839686, -0.057362522480693595, -0.07873258360891808
-0.0007146150878068851, -0.0020599423807777734, -0.004474642736936459, -0.007997366772972817, -0.012505341400342016, -0.017731324546335313, -0.023800017135218954, -0.0020840861753135885, -0.006115275665852221, -0.013462526375322416, -0.024514872852232784, -0.03902488691382934, -0.05603626958355884, -0.0760198486679691
-0.0007618949346319225, -0.0022005020268972032, -0.004707327858798067, -0.008372533958304852, -0.01302309741741028, -0.018569812935685562, -0.02484838861527782, -0.0022093504576599123, -0.0064608931445297, -0.014018291923903494, -0.025423452547944238, -0.04020053836718904, -0.05801418970524533, -0.07833127959838554
-0.0005538044351712377, -0.0017430924550749748, -0.004198995194243191, -0.00797591965763381, -0.012810505481448202, -0.018387466761169015, -0.024777438588015226, -0.0016234211957626365, -0.0051733289227809025, -0.012133268810771817, -0.022879004070435055, -0.037382372381912055, -0.05483117314587337, -0.07538745495975865
-0.0007803953840767034, -0.002215824893915534, -0.004792207767736908, -0.008561715767282159, -0.013391150288360234, -0.018955317172724778, -0.02544639230002959, -0.002258658961370136, -0.006475972631804594, -0.013910492099545745, -0.025047991188550785, -0.039940473271895476, -0.05755857905695585, -0.0783753698981513
-0.0006101714719180278, -0.001847991661780692, -0.004199116259803016, -0.007714732081228631, -0.012254720332658441, -0.01752096099185472, -0.023651093524038727, -0.0019222110064437744, -0.005749341358195981, -0.012768672300503296, -0.023479374477460672, -0.03789924052390455, -0.055059272663923506, -0.0753059547956469
-0.0007650006423393483, -0.0022358753737944667, -0.004836051451298543, -0.008527497385892148, -0.0132145211522761, -0.018621822639688906, -0.024909420344597734, -0.002271062122424338, -0.006544319936997175, -0.01414370784557822, -0.025427175214996326, -0.04026106100184999, -0.05764126895318306, -0.07805260002502813
-0.0007293178867067117, -0.002177872289428661, -0.004760148774705202, -0.008425570225494781, -0.013068133147270707, -0.018420777776210782, -0.02463192847022318, -0.0021031307724924545, -0.006311682775209358, -0.013929486524882788, -0.025234239447333447, -0.040030556662304005, -0.057323068439364695, -0.07760753957576144
