#  Artemide prediction based on SV19 for h+.case3 at W<12. 
#  xSec is the prediction for unpolarized cross-section dSigma/dz/dpT^2 in the given bin 
#  Err is uncertanty of SV19 fit 
#  The column delta is qT/Q-parameter of TMD factorization. Computed at the central parameters of the bins. Only qT/Q<0.25 are trustfull.                    Beyond this number TMD-prediction deviates from the xSec. In the table the values up to delta=0.75 are included. Most part of COMPASS data has delta>1  
#  Q2min, Q2max, xMin, xMax, zMin, zMax, pT2min, pT2max, <pT2>, xSec, err, delta 
1.00, 3.00, 0.003, 0.013, 0.3, 0.4, 0.020000, 0.040000, 0.029507, 26998.9, 1607.37, 0.357077 
1.00, 3.00, 0.003, 0.013, 0.4, 0.6, 0.020000, 0.040000, 0.029426, 7767.1, 685.198, 0.249953 
1.00, 3.00, 0.003, 0.013, 0.4, 0.6, 0.040000, 0.060000, 0.049665, 8404.65, 693.391, 0.325746 
1.00, 3.00, 0.003, 0.013, 0.6, 0.8, 0.020000, 0.040000, 0.029408, 1748.31, 226.736, 0.178538 
1.00, 3.00, 0.003, 0.013, 0.6, 0.8, 0.040000, 0.060000, 0.049644, 1781.89, 220.758, 0.232675 
1.00, 3.00, 0.003, 0.013, 0.6, 0.8, 0.060000, 0.080000, 0.069743, 1819.01, 215.431, 0.275996 
1.00, 3.00, 0.003, 0.013, 0.6, 0.8, 0.080000, 0.100000, 0.089797, 1859.94, 210.693, 0.313269 
1.00, 3.00, 0.003, 0.013, 0.6, 0.8, 0.100000, 0.120000, 0.109833, 1905.39, 206.504, 0.346510 
1.00, 3.00, 0.003, 0.013, 0.6, 0.8, 0.120000, 0.140000, 0.129857, 1956.22, 202.812, 0.376808 
1.00, 3.00, 0.013, 0.02, 0.3, 0.4, 0.020000, 0.040000, 0.029548, 44677.1, 2326.72, 0.357153 
1.00, 3.00, 0.013, 0.02, 0.4, 0.6, 0.020000, 0.040000, 0.029438, 13225.5, 1077.38, 0.250005 
1.00, 3.00, 0.013, 0.02, 0.4, 0.6, 0.040000, 0.060000, 0.049678, 13954.1, 1035.92, 0.325812 
1.00, 3.00, 0.013, 0.02, 0.6, 0.8, 0.020000, 0.040000, 0.029406, 3117.23, 403.729, 0.178574 
1.00, 3.00, 0.013, 0.02, 0.6, 0.8, 0.040000, 0.060000, 0.049643, 3126.72, 379.646, 0.232722 
1.00, 3.00, 0.013, 0.02, 0.6, 0.8, 0.060000, 0.080000, 0.069743, 3142.95, 357.733, 0.276051 
1.00, 3.00, 0.013, 0.02, 0.6, 0.8, 0.080000, 0.100000, 0.089798, 3165.89, 338.296, 0.313332 
1.00, 3.00, 0.013, 0.02, 0.6, 0.8, 0.100000, 0.120000, 0.109834, 3196.19, 321.259, 0.346580 
1.00, 3.00, 0.013, 0.02, 0.6, 0.8, 0.120000, 0.140000, 0.129859, 3234.62, 306.467, 0.376883 
1.00, 3.00, 0.02, 0.055, 0.3, 0.4, 0.020000, 0.040000, 0.029499, 120868, 6442.22, 0.357567 
1.00, 3.00, 0.02, 0.055, 0.4, 0.6, 0.020000, 0.040000, 0.029380, 39145.2, 3551.66, 0.250283 
1.00, 3.00, 0.02, 0.055, 0.4, 0.6, 0.040000, 0.060000, 0.049624, 39614.4, 3159.35, 0.326175 
1.00, 3.00, 0.02, 0.055, 0.6, 0.8, 0.020000, 0.040000, 0.029348, 10570.3, 1572.98, 0.178769 
1.00, 3.00, 0.02, 0.055, 0.6, 0.8, 0.040000, 0.060000, 0.049588, 10253.5, 1416.19, 0.232976 
1.00, 3.00, 0.02, 0.055, 0.6, 0.8, 0.060000, 0.080000, 0.069690, 9977.4, 1272.97, 0.276352 
1.00, 3.00, 0.02, 0.055, 0.6, 0.8, 0.080000, 0.100000, 0.089747, 9739.34, 1142.78, 0.313674 
1.00, 3.00, 0.02, 0.055, 0.6, 0.8, 0.100000, 0.120000, 0.109785, 9538.38, 1025.44, 0.346958 
1.00, 3.00, 0.02, 0.055, 0.6, 0.8, 0.120000, 0.140000, 0.129812, 9373.42, 920.521, 0.377294 
1.00, 3.00, 0.055, 0.1, 0.3, 0.4, 0.020000, 0.040000, 0.029435, 19452.4, 999.779, 0.359243 
1.00, 3.00, 0.055, 0.1, 0.4, 0.6, 0.020000, 0.040000, 0.029314, 7104.56, 522.036, 0.251408 
1.00, 3.00, 0.055, 0.1, 0.4, 0.6, 0.040000, 0.060000, 0.049557, 6802.76, 462.764, 0.327642 
1.00, 3.00, 0.055, 0.1, 0.6, 0.8, 0.020000, 0.040000, 0.029286, 2221.3, 230.221, 0.179557 
1.00, 3.00, 0.055, 0.1, 0.6, 0.8, 0.040000, 0.060000, 0.049525, 2087.44, 208.085, 0.234003 
1.00, 3.00, 0.055, 0.1, 0.6, 0.8, 0.060000, 0.080000, 0.069626, 1965.13, 187.737, 0.277571 
1.00, 3.00, 0.055, 0.1, 0.6, 0.8, 0.080000, 0.100000, 0.089683, 1853.92, 169.64, 0.315057 
1.00, 3.00, 0.055, 0.1, 0.6, 0.8, 0.100000, 0.120000, 0.109721, 1751.25, 153.062, 0.348488 
1.00, 3.00, 0.055, 0.1, 0.6, 0.8, 0.120000, 0.140000, 0.129748, 1657.36, 137.671, 0.378958 
3.00, 16.00, 0.003, 0.013, 0.2, 0.3, 0.020000, 0.040000, 0.029340, 0, 0, 0.238258 
3.00, 16.00, 0.003, 0.013, 0.2, 0.3, 0.040000, 0.060000, 0.049581, 0, 0, 0.310503 
3.00, 16.00, 0.003, 0.013, 0.2, 0.3, 0.060000, 0.080000, 0.069681, 0, 0, 0.368314 
3.00, 16.00, 0.003, 0.013, 0.3, 0.4, 0.020000, 0.040000, 0.029357, 0, 0, 0.170184 
3.00, 16.00, 0.003, 0.013, 0.3, 0.4, 0.040000, 0.060000, 0.049593, 0, 0, 0.221788 
3.00, 16.00, 0.003, 0.013, 0.3, 0.4, 0.060000, 0.080000, 0.069692, 0, 0, 0.263082 
3.00, 16.00, 0.003, 0.013, 0.3, 0.4, 0.080000, 0.100000, 0.089747, 0, 0, 0.298611 
3.00, 16.00, 0.003, 0.013, 0.3, 0.4, 0.100000, 0.120000, 0.109781, 0, 0, 0.330297 
3.00, 16.00, 0.003, 0.013, 0.3, 0.4, 0.120000, 0.140000, 0.129805, 0, 0, 0.359176 
3.00, 16.00, 0.003, 0.013, 0.3, 0.4, 0.140000, 0.170000, 0.154609, 0, 0, 0.392025 
3.00, 16.00, 0.003, 0.013, 0.4, 0.6, 0.020000, 0.040000, 0.029379, 0, 0, 0.119129 
3.00, 16.00, 0.003, 0.013, 0.4, 0.6, 0.040000, 0.060000, 0.049615, 0, 0, 0.155252 
3.00, 16.00, 0.003, 0.013, 0.4, 0.6, 0.060000, 0.080000, 0.069714, 0, 0, 0.184157 
3.00, 16.00, 0.003, 0.013, 0.4, 0.6, 0.080000, 0.100000, 0.089767, 0, 0, 0.209028 
3.00, 16.00, 0.003, 0.013, 0.4, 0.6, 0.100000, 0.120000, 0.109801, 0, 0, 0.231208 
3.00, 16.00, 0.003, 0.013, 0.4, 0.6, 0.120000, 0.140000, 0.129825, 0, 0, 0.251423 
3.00, 16.00, 0.003, 0.013, 0.4, 0.6, 0.140000, 0.170000, 0.154651, 0, 0, 0.274417 
3.00, 16.00, 0.003, 0.013, 0.4, 0.6, 0.170000, 0.200000, 0.184692, 0, 0, 0.299905 
3.00, 16.00, 0.003, 0.013, 0.4, 0.6, 0.200000, 0.230000, 0.214720, 0, 0, 0.323378 
3.00, 16.00, 0.003, 0.013, 0.4, 0.6, 0.230000, 0.270000, 0.249544, 0, 0, 0.348640 
3.00, 16.00, 0.003, 0.013, 0.4, 0.6, 0.270000, 0.300000, 0.284763, 0, 0, 0.372416 
3.00, 16.00, 0.003, 0.013, 0.6, 0.8, 0.020000, 0.040000, 0.029387, 0, 0, 0.085092 
3.00, 16.00, 0.003, 0.013, 0.6, 0.8, 0.040000, 0.060000, 0.049622, 0, 0, 0.110894 
3.00, 16.00, 0.003, 0.013, 0.6, 0.8, 0.060000, 0.080000, 0.069721, 0, 0, 0.131541 
3.00, 16.00, 0.003, 0.013, 0.6, 0.8, 0.080000, 0.100000, 0.089775, 0, 0, 0.149306 
3.00, 16.00, 0.003, 0.013, 0.6, 0.8, 0.100000, 0.120000, 0.109809, 0, 0, 0.165148 
3.00, 16.00, 0.003, 0.013, 0.6, 0.8, 0.120000, 0.140000, 0.129832, 0, 0, 0.179588 
3.00, 16.00, 0.003, 0.013, 0.6, 0.8, 0.140000, 0.170000, 0.154669, 0, 0, 0.196012 
3.00, 16.00, 0.003, 0.013, 0.6, 0.8, 0.170000, 0.200000, 0.184709, 0, 0, 0.214218 
3.00, 16.00, 0.003, 0.013, 0.6, 0.8, 0.200000, 0.230000, 0.214738, 0, 0, 0.230984 
3.00, 16.00, 0.003, 0.013, 0.6, 0.8, 0.230000, 0.270000, 0.249577, 0, 0, 0.249029 
3.00, 16.00, 0.003, 0.013, 0.6, 0.8, 0.270000, 0.300000, 0.284780, 0, 0, 0.266011 
3.00, 16.00, 0.003, 0.013, 0.6, 0.8, 0.300000, 0.350000, 0.324434, 0, 0, 0.283954 
3.00, 16.00, 0.003, 0.013, 0.6, 0.8, 0.350000, 0.400000, 0.374477, 0, 0, 0.305072 
3.00, 16.00, 0.003, 0.013, 0.6, 0.8, 0.400000, 0.460000, 0.429298, 0, 0, 0.326661 
3.00, 16.00, 0.003, 0.013, 0.6, 0.8, 0.460000, 0.520000, 0.489337, 0, 0, 0.348756 
3.00, 16.00, 0.003, 0.013, 0.6, 0.8, 0.520000, 0.600000, 0.558894, 0, 0, 0.372773 
3.00, 16.00, 0.003, 0.013, 0.6, 0.8, 0.600000, 0.680000, 0.638951, 0, 0, 0.398571 
3.00, 16.00, 0.013, 0.02, 0.2, 0.3, 0.020000, 0.040000, 0.029311, 0, 0, 0.238269 
3.00, 16.00, 0.013, 0.02, 0.2, 0.3, 0.040000, 0.060000, 0.049551, 0, 0, 0.310518 
3.00, 16.00, 0.013, 0.02, 0.2, 0.3, 0.060000, 0.080000, 0.069650, 0, 0, 0.368331 
3.00, 16.00, 0.013, 0.02, 0.3, 0.4, 0.020000, 0.040000, 0.029336, 0, 0, 0.170192 
3.00, 16.00, 0.013, 0.02, 0.3, 0.4, 0.040000, 0.060000, 0.049572, 0, 0, 0.221798 
3.00, 16.00, 0.013, 0.02, 0.3, 0.4, 0.060000, 0.080000, 0.069671, 0, 0, 0.263094 
3.00, 16.00, 0.013, 0.02, 0.3, 0.4, 0.080000, 0.100000, 0.089726, 0, 0, 0.298625 
3.00, 16.00, 0.013, 0.02, 0.3, 0.4, 0.100000, 0.120000, 0.109760, 0, 0, 0.330312 
3.00, 16.00, 0.013, 0.02, 0.3, 0.4, 0.120000, 0.140000, 0.129784, 0, 0, 0.359193 
3.00, 16.00, 0.013, 0.02, 0.3, 0.4, 0.140000, 0.170000, 0.154563, 0, 0, 0.392043 
3.00, 16.00, 0.013, 0.02, 0.4, 0.6, 0.020000, 0.040000, 0.029364, 0, 0, 0.119134 
3.00, 16.00, 0.013, 0.02, 0.4, 0.6, 0.040000, 0.060000, 0.049601, 0, 0, 0.155259 
3.00, 16.00, 0.013, 0.02, 0.4, 0.6, 0.060000, 0.080000, 0.069699, 0, 0, 0.184165 
3.00, 16.00, 0.013, 0.02, 0.4, 0.6, 0.080000, 0.100000, 0.089753, 0, 0, 0.209037 
3.00, 16.00, 0.013, 0.02, 0.4, 0.6, 0.100000, 0.120000, 0.109787, 0, 0, 0.231218 
3.00, 16.00, 0.013, 0.02, 0.4, 0.6, 0.120000, 0.140000, 0.129811, 0, 0, 0.251435 
3.00, 16.00, 0.013, 0.02, 0.4, 0.6, 0.140000, 0.170000, 0.154620, 0, 0, 0.274430 
3.00, 16.00, 0.013, 0.02, 0.4, 0.6, 0.170000, 0.200000, 0.184661, 0, 0, 0.299919 
3.00, 16.00, 0.013, 0.02, 0.4, 0.6, 0.200000, 0.230000, 0.214689, 0, 0, 0.323393 
3.00, 16.00, 0.013, 0.02, 0.4, 0.6, 0.230000, 0.270000, 0.249490, 0, 0, 0.348656 
3.00, 16.00, 0.013, 0.02, 0.4, 0.6, 0.270000, 0.300000, 0.284733, 0, 0, 0.372432 
3.00, 16.00, 0.013, 0.02, 0.6, 0.8, 0.020000, 0.040000, 0.029379, 0, 0, 0.085096 
3.00, 16.00, 0.013, 0.02, 0.6, 0.8, 0.040000, 0.060000, 0.049614, 0, 0, 0.110899 
3.00, 16.00, 0.013, 0.02, 0.6, 0.8, 0.060000, 0.080000, 0.069713, 0, 0, 0.131547 
3.00, 16.00, 0.013, 0.02, 0.6, 0.8, 0.080000, 0.100000, 0.089766, 0, 0, 0.149312 
3.00, 16.00, 0.013, 0.02, 0.6, 0.8, 0.100000, 0.120000, 0.109800, 0, 0, 0.165156 
3.00, 16.00, 0.013, 0.02, 0.6, 0.8, 0.120000, 0.140000, 0.129824, 0, 0, 0.179596 
3.00, 16.00, 0.013, 0.02, 0.6, 0.8, 0.140000, 0.170000, 0.154651, 0, 0, 0.196021 
3.00, 16.00, 0.013, 0.02, 0.6, 0.8, 0.170000, 0.200000, 0.184691, 0, 0, 0.214228 
3.00, 16.00, 0.013, 0.02, 0.6, 0.8, 0.200000, 0.230000, 0.214720, 0, 0, 0.230995 
3.00, 16.00, 0.013, 0.02, 0.6, 0.8, 0.230000, 0.270000, 0.249546, 0, 0, 0.249040 
3.00, 16.00, 0.013, 0.02, 0.6, 0.8, 0.270000, 0.300000, 0.284763, 0, 0, 0.266023 
3.00, 16.00, 0.013, 0.02, 0.6, 0.8, 0.300000, 0.350000, 0.324389, 0, 0, 0.283967 
3.00, 16.00, 0.013, 0.02, 0.6, 0.8, 0.350000, 0.400000, 0.374433, 0, 0, 0.305085 
3.00, 16.00, 0.013, 0.02, 0.6, 0.8, 0.400000, 0.460000, 0.429235, 0, 0, 0.326676 
3.00, 16.00, 0.013, 0.02, 0.6, 0.8, 0.460000, 0.520000, 0.489276, 0, 0, 0.348772 
3.00, 16.00, 0.013, 0.02, 0.6, 0.8, 0.520000, 0.600000, 0.558787, 0, 0, 0.372790 
3.00, 16.00, 0.013, 0.02, 0.6, 0.8, 0.600000, 0.680000, 0.638846, 0, 0, 0.398589 
3.00, 16.00, 0.02, 0.055, 0.2, 0.3, 0.020000, 0.040000, 0.029377, 61752.5, 1884.96, 0.238329 
3.00, 16.00, 0.02, 0.055, 0.2, 0.3, 0.040000, 0.060000, 0.049621, 67588.7, 1928.23, 0.310596 
3.00, 16.00, 0.02, 0.055, 0.2, 0.3, 0.060000, 0.080000, 0.069724, 76110.5, 2154.55, 0.368424 
3.00, 16.00, 0.02, 0.055, 0.3, 0.4, 0.020000, 0.040000, 0.029353, 24502, 782.333, 0.170234 
3.00, 16.00, 0.02, 0.055, 0.3, 0.4, 0.040000, 0.060000, 0.049592, 24379.5, 680.926, 0.221853 
3.00, 16.00, 0.02, 0.055, 0.3, 0.4, 0.060000, 0.080000, 0.069692, 24378.4, 609.413, 0.263159 
3.00, 16.00, 0.02, 0.055, 0.3, 0.4, 0.080000, 0.100000, 0.089749, 24516.7, 571.668, 0.298699 
3.00, 16.00, 0.02, 0.055, 0.3, 0.4, 0.100000, 0.120000, 0.109785, 24811.1, 568.643, 0.330394 
3.00, 16.00, 0.02, 0.055, 0.3, 0.4, 0.120000, 0.140000, 0.129810, 25293.3, 597.054, 0.359282 
3.00, 16.00, 0.02, 0.055, 0.3, 0.4, 0.140000, 0.170000, 0.154626, 26249.2, 668.425, 0.392140 
3.00, 16.00, 0.02, 0.055, 0.4, 0.6, 0.020000, 0.040000, 0.029358, 7864.7, 406.945, 0.119163 
3.00, 16.00, 0.02, 0.055, 0.4, 0.6, 0.040000, 0.060000, 0.049596, 7633.84, 362.824, 0.155297 
3.00, 16.00, 0.02, 0.055, 0.4, 0.6, 0.060000, 0.080000, 0.069695, 7425.44, 323.944, 0.184211 
3.00, 16.00, 0.02, 0.055, 0.4, 0.6, 0.080000, 0.100000, 0.089750, 7238, 290.244, 0.209088 
3.00, 16.00, 0.02, 0.055, 0.4, 0.6, 0.100000, 0.120000, 0.109785, 7070.59, 261.725, 0.231275 
3.00, 16.00, 0.02, 0.055, 0.4, 0.6, 0.120000, 0.140000, 0.129809, 6922.54, 238.43, 0.251496 
3.00, 16.00, 0.02, 0.055, 0.4, 0.6, 0.140000, 0.170000, 0.154620, 6764.66, 216.717, 0.274497 
3.00, 16.00, 0.02, 0.055, 0.4, 0.6, 0.170000, 0.200000, 0.184664, 6611.91, 201.008, 0.299992 
3.00, 16.00, 0.02, 0.055, 0.4, 0.6, 0.200000, 0.230000, 0.214695, 6500.13, 195.415, 0.323472 
3.00, 16.00, 0.02, 0.055, 0.4, 0.6, 0.230000, 0.270000, 0.249506, 6426.8, 198.794, 0.348742 
3.00, 16.00, 0.02, 0.055, 0.4, 0.6, 0.270000, 0.300000, 0.284745, 6415.94, 209.302, 0.372524 
3.00, 16.00, 0.02, 0.055, 0.6, 0.8, 0.020000, 0.040000, 0.029366, 2104.78, 190.717, 0.085117 
3.00, 16.00, 0.02, 0.055, 0.6, 0.8, 0.040000, 0.060000, 0.049602, 2025.5, 173.691, 0.110926 
3.00, 16.00, 0.02, 0.055, 0.6, 0.8, 0.060000, 0.080000, 0.069701, 1951.26, 158.034, 0.131579 
3.00, 16.00, 0.02, 0.055, 0.6, 0.8, 0.080000, 0.100000, 0.089755, 1881.45, 143.652, 0.149349 
3.00, 16.00, 0.02, 0.055, 0.6, 0.8, 0.100000, 0.120000, 0.109790, 1815.76, 130.477, 0.165196 
3.00, 16.00, 0.02, 0.055, 0.6, 0.8, 0.120000, 0.140000, 0.129814, 1753.98, 118.444, 0.179640 
3.00, 16.00, 0.02, 0.055, 0.6, 0.8, 0.140000, 0.170000, 0.154630, 1681.99, 104.963, 0.196069 
3.00, 16.00, 0.02, 0.055, 0.6, 0.8, 0.170000, 0.200000, 0.184672, 1602.23, 90.8809, 0.214280 
3.00, 16.00, 0.02, 0.055, 0.6, 0.8, 0.200000, 0.230000, 0.214702, 1529.25, 79.0502, 0.231051 
3.00, 16.00, 0.02, 0.055, 0.6, 0.8, 0.230000, 0.270000, 0.249518, 1451.99, 68.0424, 0.249101 
3.00, 16.00, 0.02, 0.055, 0.6, 0.8, 0.270000, 0.300000, 0.284749, 1381.84, 59.9149, 0.266088 
3.00, 16.00, 0.02, 0.055, 0.6, 0.8, 0.300000, 0.350000, 0.324355, 1310.37, 54.0547, 0.284036 
3.00, 16.00, 0.02, 0.055, 0.6, 0.8, 0.350000, 0.400000, 0.374406, 1231.4, 51.0817, 0.305160 
3.00, 16.00, 0.02, 0.055, 0.6, 0.8, 0.400000, 0.460000, 0.429206, 1156.88, 51.7373, 0.326755 
3.00, 16.00, 0.02, 0.055, 0.6, 0.8, 0.460000, 0.520000, 0.489256, 1088.09, 54.8305, 0.348857 
3.00, 16.00, 0.02, 0.055, 0.6, 0.8, 0.520000, 0.600000, 0.558771, 1022.81, 59.1872, 0.372881 
3.00, 16.00, 0.02, 0.055, 0.6, 0.8, 0.600000, 0.680000, 0.638850, 964.679, 63.6784, 0.398686 
3.00, 16.00, 0.055, 0.1, 0.2, 0.3, 0.020000, 0.040000, 0.029366, 83789.8, 2751.53, 0.238572 
3.00, 16.00, 0.055, 0.1, 0.2, 0.3, 0.040000, 0.060000, 0.049609, 87211.3, 2461.6, 0.310913 
3.00, 16.00, 0.055, 0.1, 0.2, 0.3, 0.060000, 0.080000, 0.069713, 92862.3, 2393.36, 0.368801 
3.00, 16.00, 0.055, 0.1, 0.3, 0.4, 0.020000, 0.040000, 0.029326, 37025.4, 1274.48, 0.170405 
3.00, 16.00, 0.055, 0.1, 0.3, 0.4, 0.040000, 0.060000, 0.049565, 35615.3, 1074.48, 0.222076 
3.00, 16.00, 0.055, 0.1, 0.3, 0.4, 0.060000, 0.080000, 0.069666, 34412, 911.569, 0.263423 
3.00, 16.00, 0.055, 0.1, 0.3, 0.4, 0.080000, 0.100000, 0.089724, 33420.9, 791.049, 0.298998 
3.00, 16.00, 0.055, 0.1, 0.3, 0.4, 0.100000, 0.120000, 0.109760, 32644.5, 721.154, 0.330725 
3.00, 16.00, 0.055, 0.1, 0.3, 0.4, 0.120000, 0.140000, 0.129787, 32101.6, 708.093, 0.359642 
3.00, 16.00, 0.055, 0.1, 0.3, 0.4, 0.140000, 0.170000, 0.154576, 31815.3, 767.423, 0.392533 
3.00, 16.00, 0.055, 0.1, 0.4, 0.6, 0.020000, 0.040000, 0.029324, 13221, 610.522, 0.119282 
3.00, 16.00, 0.055, 0.1, 0.4, 0.6, 0.040000, 0.060000, 0.049562, 12473.5, 540.916, 0.155451 
3.00, 16.00, 0.055, 0.1, 0.4, 0.6, 0.060000, 0.080000, 0.069662, 11793.2, 481.668, 0.184394 
3.00, 16.00, 0.055, 0.1, 0.4, 0.6, 0.080000, 0.100000, 0.089718, 11173.9, 431.648, 0.209296 
3.00, 16.00, 0.055, 0.1, 0.4, 0.6, 0.100000, 0.120000, 0.109754, 10610.3, 390.019, 0.231505 
3.00, 16.00, 0.055, 0.1, 0.4, 0.6, 0.120000, 0.140000, 0.129779, 10098.1, 356.209, 0.251746 
3.00, 16.00, 0.055, 0.1, 0.4, 0.6, 0.140000, 0.170000, 0.154553, 9526.12, 324.292, 0.274770 
3.00, 16.00, 0.055, 0.1, 0.4, 0.6, 0.170000, 0.200000, 0.184599, 8925.7, 300.379, 0.300290 
3.00, 16.00, 0.055, 0.1, 0.4, 0.6, 0.200000, 0.230000, 0.214632, 8413.31, 290.737, 0.323793 
3.00, 16.00, 0.055, 0.1, 0.4, 0.6, 0.230000, 0.270000, 0.249397, 7923.78, 294.533, 0.349088 
3.00, 16.00, 0.055, 0.1, 0.4, 0.6, 0.270000, 0.300000, 0.284686, 7537.36, 310.625, 0.372894 
3.00, 16.00, 0.055, 0.1, 0.6, 0.8, 0.020000, 0.040000, 0.029335, 3894.16, 267.129, 0.085201 
3.00, 16.00, 0.055, 0.1, 0.6, 0.8, 0.040000, 0.060000, 0.049572, 3665.95, 240.364, 0.111036 
3.00, 16.00, 0.055, 0.1, 0.6, 0.8, 0.060000, 0.080000, 0.069671, 3454.79, 216.981, 0.131709 
3.00, 16.00, 0.055, 0.1, 0.6, 0.8, 0.080000, 0.100000, 0.089726, 3258.88, 196.57, 0.149496 
3.00, 16.00, 0.055, 0.1, 0.6, 0.8, 0.100000, 0.120000, 0.109761, 3076.96, 178.795, 0.165359 
3.00, 16.00, 0.055, 0.1, 0.6, 0.8, 0.120000, 0.140000, 0.129786, 2907.96, 163.362, 0.179818 
3.00, 16.00, 0.055, 0.1, 0.6, 0.8, 0.140000, 0.170000, 0.154567, 2713.82, 147.005, 0.196263 
3.00, 16.00, 0.055, 0.1, 0.6, 0.8, 0.170000, 0.200000, 0.184609, 2502.04, 131.063, 0.214492 
3.00, 16.00, 0.055, 0.1, 0.6, 0.8, 0.200000, 0.230000, 0.214641, 2311.55, 118.623, 0.231280 
3.00, 16.00, 0.055, 0.1, 0.6, 0.8, 0.230000, 0.270000, 0.249411, 2113.49, 107.847, 0.249347 
3.00, 16.00, 0.055, 0.1, 0.6, 0.8, 0.270000, 0.300000, 0.284691, 1936.71, 100.443, 0.266351 
3.00, 16.00, 0.055, 0.1, 0.6, 0.8, 0.300000, 0.350000, 0.324195, 1759.97, 95.2287, 0.284317 
3.00, 16.00, 0.055, 0.1, 0.6, 0.8, 0.350000, 0.400000, 0.374248, 1568.25, 92.4784, 0.305462 
3.00, 16.00, 0.055, 0.1, 0.6, 0.8, 0.400000, 0.460000, 0.428985, 1390.72, 92.682, 0.327079 
3.00, 16.00, 0.055, 0.1, 0.6, 0.8, 0.460000, 0.520000, 0.489039, 1229.31, 95.2818, 0.349202 
3.00, 16.00, 0.055, 0.1, 0.6, 0.8, 0.520000, 0.600000, 0.558391, 1077.26, 99.8282, 0.373249 
3.00, 16.00, 0.055, 0.1, 0.6, 0.8, 0.600000, 0.680000, 0.638473, 940.499, 105.78, 0.399080 
