#  Artemide prediction based on SV19 for h+.case1. 
#  xSec is the prediction for unpolarized cross-section dSigma/dz/dpT^2 in the given bin 
#  Err is uncertanty of SV19 fit 
#  The column delta is qT/Q-parameter of TMD factorization. Computed at the central parameters of the bins. Only qT/Q<0.25 are trustfull.                    Beyond this number TMD-prediction deviates from the xSec. In the table the values up to delta=0.75 are included. Most part of COMPASS data has delta>1  
#  Q2min, Q2max, xMin, xMax, zMin, zMax, pT2min, pT2max, <pT2>, xSec, err, delta 
1.00, 3.00, 0.003, 0.013, 0.3, 0.4, 0.020000, 0.040000, 0.029507, 77890.6, 4409.74, 0.357077 
1.00, 3.00, 0.003, 0.013, 0.4, 0.6, 0.020000, 0.040000, 0.029426, 22662.9, 1886.14, 0.249953 
1.00, 3.00, 0.003, 0.013, 0.4, 0.6, 0.040000, 0.060000, 0.049665, 23980.8, 1888.23, 0.325746 
1.00, 3.00, 0.003, 0.013, 0.6, 0.8, 0.020000, 0.040000, 0.029408, 5153.58, 626.422, 0.178538 
1.00, 3.00, 0.003, 0.013, 0.6, 0.8, 0.040000, 0.060000, 0.049644, 5204.67, 609.816, 0.232675 
1.00, 3.00, 0.003, 0.013, 0.6, 0.8, 0.060000, 0.080000, 0.069743, 5263.3, 594.366, 0.275996 
1.00, 3.00, 0.003, 0.013, 0.6, 0.8, 0.080000, 0.100000, 0.089797, 5329.65, 579.283, 0.313269 
1.00, 3.00, 0.003, 0.013, 0.6, 0.8, 0.100000, 0.120000, 0.109833, 5406.31, 565.222, 0.346510 
1.00, 3.00, 0.003, 0.013, 0.6, 0.8, 0.120000, 0.140000, 0.129857, 5494.25, 552.094, 0.376808 
1.00, 3.00, 0.013, 0.02, 0.3, 0.4, 0.020000, 0.040000, 0.029548, 50582.7, 2493, 0.357153 
1.00, 3.00, 0.013, 0.02, 0.4, 0.6, 0.020000, 0.040000, 0.029438, 14905.3, 1146.25, 0.250005 
1.00, 3.00, 0.013, 0.02, 0.4, 0.6, 0.040000, 0.060000, 0.049678, 15654.1, 1107.66, 0.325812 
1.00, 3.00, 0.013, 0.02, 0.6, 0.8, 0.020000, 0.040000, 0.029406, 3524.32, 434.443, 0.178574 
1.00, 3.00, 0.013, 0.02, 0.6, 0.8, 0.040000, 0.060000, 0.049643, 3530.55, 408.756, 0.232722 
1.00, 3.00, 0.013, 0.02, 0.6, 0.8, 0.060000, 0.080000, 0.069743, 3543.78, 385.809, 0.276051 
1.00, 3.00, 0.013, 0.02, 0.6, 0.8, 0.080000, 0.100000, 0.089798, 3563.92, 365.455, 0.313332 
1.00, 3.00, 0.013, 0.02, 0.6, 0.8, 0.100000, 0.120000, 0.109834, 3591.61, 347.614, 0.346580 
1.00, 3.00, 0.013, 0.02, 0.6, 0.8, 0.120000, 0.140000, 0.129859, 3627.39, 332.184, 0.376883 
1.00, 3.00, 0.02, 0.055, 0.3, 0.4, 0.020000, 0.040000, 0.029499, 120893, 6442.76, 0.357567 
1.00, 3.00, 0.02, 0.055, 0.4, 0.6, 0.020000, 0.040000, 0.029380, 39152.3, 3551.92, 0.250283 
1.00, 3.00, 0.02, 0.055, 0.4, 0.6, 0.040000, 0.060000, 0.049624, 39621.5, 3159.6, 0.326175 
1.00, 3.00, 0.02, 0.055, 0.6, 0.8, 0.020000, 0.040000, 0.029348, 10572.1, 1573.11, 0.178769 
1.00, 3.00, 0.02, 0.055, 0.6, 0.8, 0.040000, 0.060000, 0.049588, 10255.2, 1416.31, 0.232976 
1.00, 3.00, 0.02, 0.055, 0.6, 0.8, 0.060000, 0.080000, 0.069690, 9979.1, 1273.08, 0.276352 
1.00, 3.00, 0.02, 0.055, 0.6, 0.8, 0.080000, 0.100000, 0.089747, 9741.02, 1142.89, 0.313674 
1.00, 3.00, 0.02, 0.055, 0.6, 0.8, 0.100000, 0.120000, 0.109785, 9540.03, 1025.54, 0.346958 
1.00, 3.00, 0.02, 0.055, 0.6, 0.8, 0.120000, 0.140000, 0.129812, 9375.05, 920.623, 0.377294 
1.00, 3.00, 0.055, 0.1, 0.3, 0.4, 0.020000, 0.040000, 0.029435, 19452.4, 999.779, 0.359243 
1.00, 3.00, 0.055, 0.1, 0.4, 0.6, 0.020000, 0.040000, 0.029314, 7104.56, 522.036, 0.251408 
1.00, 3.00, 0.055, 0.1, 0.4, 0.6, 0.040000, 0.060000, 0.049557, 6802.76, 462.764, 0.327642 
1.00, 3.00, 0.055, 0.1, 0.6, 0.8, 0.020000, 0.040000, 0.029286, 2221.3, 230.221, 0.179557 
1.00, 3.00, 0.055, 0.1, 0.6, 0.8, 0.040000, 0.060000, 0.049525, 2087.44, 208.085, 0.234003 
1.00, 3.00, 0.055, 0.1, 0.6, 0.8, 0.060000, 0.080000, 0.069626, 1965.13, 187.737, 0.277571 
1.00, 3.00, 0.055, 0.1, 0.6, 0.8, 0.080000, 0.100000, 0.089683, 1853.92, 169.64, 0.315057 
1.00, 3.00, 0.055, 0.1, 0.6, 0.8, 0.100000, 0.120000, 0.109721, 1751.25, 153.062, 0.348488 
1.00, 3.00, 0.055, 0.1, 0.6, 0.8, 0.120000, 0.140000, 0.129748, 1657.36, 137.671, 0.378958 
3.00, 16.00, 0.003, 0.013, 0.2, 0.3, 0.020000, 0.040000, 0.029340, 1364.45, 45.1044, 0.238258 
3.00, 16.00, 0.003, 0.013, 0.2, 0.3, 0.040000, 0.060000, 0.049581, 1528.8, 50.4345, 0.310503 
3.00, 16.00, 0.003, 0.013, 0.2, 0.3, 0.060000, 0.080000, 0.069681, 1791.09, 59.8261, 0.368314 
3.00, 16.00, 0.003, 0.013, 0.3, 0.4, 0.020000, 0.040000, 0.029357, 488.889, 15.999, 0.170184 
3.00, 16.00, 0.003, 0.013, 0.3, 0.4, 0.040000, 0.060000, 0.049593, 496.551, 16.1382, 0.221788 
3.00, 16.00, 0.003, 0.013, 0.3, 0.4, 0.060000, 0.080000, 0.069692, 507.213, 16.4316, 0.263082 
3.00, 16.00, 0.003, 0.013, 0.3, 0.4, 0.080000, 0.100000, 0.089747, 521.653, 16.9004, 0.298611 
3.00, 16.00, 0.003, 0.013, 0.3, 0.4, 0.100000, 0.120000, 0.109781, 540.679, 17.5708, 0.330297 
3.00, 16.00, 0.003, 0.013, 0.3, 0.4, 0.120000, 0.140000, 0.129805, 565.668, 18.4881, 0.359176 
3.00, 16.00, 0.003, 0.013, 0.3, 0.4, 0.140000, 0.170000, 0.154609, 609.185, 20.1152, 0.392025 
3.00, 16.00, 0.003, 0.013, 0.4, 0.6, 0.020000, 0.040000, 0.029379, 139.063, 6.05139, 0.119129 
3.00, 16.00, 0.003, 0.013, 0.4, 0.6, 0.040000, 0.060000, 0.049615, 138.28, 5.96546, 0.155252 
3.00, 16.00, 0.003, 0.013, 0.4, 0.6, 0.060000, 0.080000, 0.069714, 137.684, 5.88461, 0.184157 
3.00, 16.00, 0.003, 0.013, 0.4, 0.6, 0.080000, 0.100000, 0.089767, 137.29, 5.81036, 0.209028 
3.00, 16.00, 0.003, 0.013, 0.4, 0.6, 0.100000, 0.120000, 0.109801, 137.118, 5.74388, 0.231208 
3.00, 16.00, 0.003, 0.013, 0.4, 0.6, 0.120000, 0.140000, 0.129825, 137.191, 5.68618, 0.251423 
3.00, 16.00, 0.003, 0.013, 0.4, 0.6, 0.140000, 0.170000, 0.154651, 137.674, 5.62803, 0.274417 
3.00, 16.00, 0.003, 0.013, 0.4, 0.6, 0.170000, 0.200000, 0.184692, 138.862, 5.58049, 0.299905 
3.00, 16.00, 0.003, 0.013, 0.4, 0.6, 0.200000, 0.230000, 0.214720, 140.844, 5.56122, 0.323378 
3.00, 16.00, 0.003, 0.013, 0.4, 0.6, 0.230000, 0.270000, 0.249544, 144.488, 5.58424, 0.348640 
3.00, 16.00, 0.003, 0.013, 0.4, 0.6, 0.270000, 0.300000, 0.284763, 149.868, 5.66762, 0.372416 
3.00, 16.00, 0.003, 0.013, 0.6, 0.8, 0.020000, 0.040000, 0.029387, 33.3376, 2.36577, 0.085092 
3.00, 16.00, 0.003, 0.013, 0.6, 0.8, 0.040000, 0.060000, 0.049622, 32.8176, 2.27837, 0.110894 
3.00, 16.00, 0.003, 0.013, 0.6, 0.8, 0.060000, 0.080000, 0.069721, 32.3199, 2.19455, 0.131541 
3.00, 16.00, 0.003, 0.013, 0.6, 0.8, 0.080000, 0.100000, 0.089775, 31.8376, 2.11399, 0.149306 
3.00, 16.00, 0.003, 0.013, 0.6, 0.8, 0.100000, 0.120000, 0.109809, 31.3701, 2.03669, 0.165148 
3.00, 16.00, 0.003, 0.013, 0.6, 0.8, 0.120000, 0.140000, 0.129832, 30.9188, 1.96258, 0.179588 
3.00, 16.00, 0.003, 0.013, 0.6, 0.8, 0.140000, 0.170000, 0.154669, 30.3773, 1.8743, 0.196012 
3.00, 16.00, 0.003, 0.013, 0.6, 0.8, 0.170000, 0.200000, 0.184709, 29.7587, 1.77419, 0.214218 
3.00, 16.00, 0.003, 0.013, 0.6, 0.8, 0.200000, 0.230000, 0.214738, 29.1741, 1.6802, 0.230984 
3.00, 16.00, 0.003, 0.013, 0.6, 0.8, 0.230000, 0.270000, 0.249577, 28.5338, 1.57782, 0.249029 
3.00, 16.00, 0.003, 0.013, 0.6, 0.8, 0.270000, 0.300000, 0.284780, 27.9349, 1.48239, 0.266011 
3.00, 16.00, 0.003, 0.013, 0.6, 0.8, 0.300000, 0.350000, 0.324434, 27.3063, 1.38163, 0.283954 
3.00, 16.00, 0.003, 0.013, 0.6, 0.8, 0.350000, 0.400000, 0.374477, 26.5941, 1.26647, 0.305072 
3.00, 16.00, 0.003, 0.013, 0.6, 0.8, 0.400000, 0.460000, 0.429298, 25.9114, 1.15291, 0.326661 
3.00, 16.00, 0.003, 0.013, 0.6, 0.8, 0.460000, 0.520000, 0.489337, 25.2884, 1.04402, 0.348756 
3.00, 16.00, 0.003, 0.013, 0.6, 0.8, 0.520000, 0.600000, 0.558894, 24.7404, 0.937809, 0.372773 
3.00, 16.00, 0.003, 0.013, 0.6, 0.8, 0.600000, 0.680000, 0.638951, 24.3682, 0.84961, 0.398571 
3.00, 16.00, 0.013, 0.02, 0.2, 0.3, 0.020000, 0.040000, 0.029311, 16567.2, 530.694, 0.238269 
3.00, 16.00, 0.013, 0.02, 0.2, 0.3, 0.040000, 0.060000, 0.049551, 18314.9, 583.644, 0.310518 
3.00, 16.00, 0.013, 0.02, 0.2, 0.3, 0.060000, 0.080000, 0.069650, 20910.7, 675.239, 0.368331 
3.00, 16.00, 0.013, 0.02, 0.3, 0.4, 0.020000, 0.040000, 0.029336, 6034.26, 182.289, 0.170192 
3.00, 16.00, 0.013, 0.02, 0.3, 0.4, 0.040000, 0.060000, 0.049572, 6103.76, 181.866, 0.221798 
3.00, 16.00, 0.013, 0.02, 0.3, 0.4, 0.060000, 0.080000, 0.069671, 6200.57, 183.765, 0.263094 
3.00, 16.00, 0.013, 0.02, 0.3, 0.4, 0.080000, 0.100000, 0.089726, 6331.25, 188.022, 0.298625 
3.00, 16.00, 0.013, 0.02, 0.3, 0.4, 0.100000, 0.120000, 0.109760, 6502.09, 194.715, 0.330312 
3.00, 16.00, 0.013, 0.02, 0.3, 0.4, 0.120000, 0.140000, 0.129784, 6724.39, 204.081, 0.359193 
3.00, 16.00, 0.013, 0.02, 0.3, 0.4, 0.140000, 0.170000, 0.154563, 7105.21, 220.419, 0.392043 
3.00, 16.00, 0.013, 0.02, 0.4, 0.6, 0.020000, 0.040000, 0.029364, 1742.85, 72.0084, 0.119134 
3.00, 16.00, 0.013, 0.02, 0.4, 0.6, 0.040000, 0.060000, 0.049601, 1727.42, 69.9962, 0.155259 
3.00, 16.00, 0.013, 0.02, 0.4, 0.6, 0.060000, 0.080000, 0.069699, 1714.05, 68.1835, 0.184165 
3.00, 16.00, 0.013, 0.02, 0.4, 0.6, 0.080000, 0.100000, 0.089753, 1702.77, 66.5744, 0.209037 
3.00, 16.00, 0.013, 0.02, 0.4, 0.6, 0.100000, 0.120000, 0.109787, 1693.74, 65.169, 0.231218 
3.00, 16.00, 0.013, 0.02, 0.4, 0.6, 0.120000, 0.140000, 0.129811, 1687.13, 63.9665, 0.251435 
3.00, 16.00, 0.013, 0.02, 0.4, 0.6, 0.140000, 0.170000, 0.154620, 1682.61, 62.7475, 0.274430 
3.00, 16.00, 0.013, 0.02, 0.4, 0.6, 0.170000, 0.200000, 0.184661, 1682.91, 61.6843, 0.299919 
3.00, 16.00, 0.013, 0.02, 0.4, 0.6, 0.200000, 0.230000, 0.214689, 1690.45, 61.0563, 0.323393 
3.00, 16.00, 0.013, 0.02, 0.4, 0.6, 0.230000, 0.270000, 0.249490, 1711.06, 60.9069, 0.348656 
3.00, 16.00, 0.013, 0.02, 0.4, 0.6, 0.270000, 0.300000, 0.284733, 1746.38, 61.4249, 0.372432 
3.00, 16.00, 0.013, 0.02, 0.6, 0.8, 0.020000, 0.040000, 0.029379, 418.774, 29.6509, 0.085096 
3.00, 16.00, 0.013, 0.02, 0.6, 0.8, 0.040000, 0.060000, 0.049614, 411.216, 28.1773, 0.110899 
3.00, 16.00, 0.013, 0.02, 0.6, 0.8, 0.060000, 0.080000, 0.069713, 403.987, 26.7899, 0.131547 
3.00, 16.00, 0.013, 0.02, 0.6, 0.8, 0.080000, 0.100000, 0.089766, 396.997, 25.4832, 0.149312 
3.00, 16.00, 0.013, 0.02, 0.6, 0.8, 0.100000, 0.120000, 0.109800, 390.239, 24.2553, 0.165156 
3.00, 16.00, 0.013, 0.02, 0.6, 0.8, 0.120000, 0.140000, 0.129824, 383.722, 23.1032, 0.179596 
3.00, 16.00, 0.013, 0.02, 0.6, 0.8, 0.140000, 0.170000, 0.154651, 375.908, 21.7667, 0.196021 
3.00, 16.00, 0.013, 0.02, 0.6, 0.8, 0.170000, 0.200000, 0.184691, 366.981, 20.3005, 0.214228 
3.00, 16.00, 0.013, 0.02, 0.6, 0.8, 0.200000, 0.230000, 0.214720, 358.535, 18.9771, 0.230995 
3.00, 16.00, 0.013, 0.02, 0.6, 0.8, 0.230000, 0.270000, 0.249546, 349.262, 17.6004, 0.249040 
3.00, 16.00, 0.013, 0.02, 0.6, 0.8, 0.270000, 0.300000, 0.284763, 340.548, 16.3818, 0.266023 
3.00, 16.00, 0.013, 0.02, 0.6, 0.8, 0.300000, 0.350000, 0.324389, 331.321, 15.1703, 0.283967 
3.00, 16.00, 0.013, 0.02, 0.6, 0.8, 0.350000, 0.400000, 0.374433, 320.72, 13.8833, 0.305085 
3.00, 16.00, 0.013, 0.02, 0.6, 0.8, 0.400000, 0.460000, 0.429235, 310.281, 12.7211, 0.326676 
3.00, 16.00, 0.013, 0.02, 0.6, 0.8, 0.460000, 0.520000, 0.489276, 300.295, 11.7082, 0.348772 
3.00, 16.00, 0.013, 0.02, 0.6, 0.8, 0.520000, 0.600000, 0.558787, 290.564, 10.8167, 0.372790 
3.00, 16.00, 0.013, 0.02, 0.6, 0.8, 0.600000, 0.680000, 0.638846, 281.931, 10.1603, 0.398589 
3.00, 16.00, 0.02, 0.055, 0.2, 0.3, 0.020000, 0.040000, 0.029377, 100671, 3039.24, 0.238329 
3.00, 16.00, 0.02, 0.055, 0.2, 0.3, 0.040000, 0.060000, 0.049621, 107621, 3104.06, 0.310596 
3.00, 16.00, 0.02, 0.055, 0.2, 0.3, 0.060000, 0.080000, 0.069724, 117838, 3399.19, 0.368424 
3.00, 16.00, 0.02, 0.055, 0.3, 0.4, 0.020000, 0.040000, 0.029353, 39646.6, 1159.56, 0.170234 
3.00, 16.00, 0.02, 0.055, 0.3, 0.4, 0.040000, 0.060000, 0.049592, 39195.8, 1031.57, 0.221853 
3.00, 16.00, 0.02, 0.055, 0.3, 0.4, 0.060000, 0.080000, 0.069692, 38913.6, 947.347, 0.263159 
3.00, 16.00, 0.02, 0.055, 0.3, 0.4, 0.080000, 0.100000, 0.089749, 38822.1, 908.396, 0.298699 
3.00, 16.00, 0.02, 0.055, 0.3, 0.4, 0.100000, 0.120000, 0.109785, 38925.1, 913.523, 0.330394 
3.00, 16.00, 0.02, 0.055, 0.3, 0.4, 0.120000, 0.140000, 0.129810, 39270.3, 952.082, 0.359282 
3.00, 16.00, 0.02, 0.055, 0.3, 0.4, 0.140000, 0.170000, 0.154626, 40163.4, 1043.91, 0.392140 
3.00, 16.00, 0.02, 0.055, 0.4, 0.6, 0.020000, 0.040000, 0.029358, 12470.3, 583.12, 0.119163 
3.00, 16.00, 0.02, 0.055, 0.4, 0.6, 0.040000, 0.060000, 0.049596, 12101.3, 523.48, 0.155297 
3.00, 16.00, 0.02, 0.055, 0.4, 0.6, 0.060000, 0.080000, 0.069695, 11763.9, 471.362, 0.184211 
3.00, 16.00, 0.02, 0.055, 0.4, 0.6, 0.080000, 0.100000, 0.089750, 11455.7, 426.613, 0.209088 
3.00, 16.00, 0.02, 0.055, 0.4, 0.6, 0.100000, 0.120000, 0.109785, 11175.3, 389.123, 0.231275 
3.00, 16.00, 0.02, 0.055, 0.4, 0.6, 0.120000, 0.140000, 0.129809, 10921.8, 358.788, 0.251496 
3.00, 16.00, 0.02, 0.055, 0.4, 0.6, 0.140000, 0.170000, 0.154620, 10642.8, 330.686, 0.274497 
3.00, 16.00, 0.02, 0.055, 0.4, 0.6, 0.170000, 0.200000, 0.184664, 10357.4, 309.716, 0.299992 
3.00, 16.00, 0.02, 0.055, 0.4, 0.6, 0.200000, 0.230000, 0.214695, 10122.4, 301.886, 0.323472 
3.00, 16.00, 0.02, 0.055, 0.4, 0.6, 0.230000, 0.270000, 0.249506, 9931.76, 304.22, 0.348742 
3.00, 16.00, 0.02, 0.055, 0.4, 0.6, 0.270000, 0.300000, 0.284745, 9822.12, 315.375, 0.372524 
3.00, 16.00, 0.02, 0.055, 0.6, 0.8, 0.020000, 0.040000, 0.029366, 3241.77, 271.494, 0.085117 
3.00, 16.00, 0.02, 0.055, 0.6, 0.8, 0.040000, 0.060000, 0.049602, 3127.19, 247.73, 0.110926 
3.00, 16.00, 0.02, 0.055, 0.6, 0.8, 0.060000, 0.080000, 0.069701, 3019.45, 225.928, 0.131579 
3.00, 16.00, 0.02, 0.055, 0.6, 0.8, 0.080000, 0.100000, 0.089755, 2918.68, 206.105, 0.149349 
3.00, 16.00, 0.02, 0.055, 0.6, 0.8, 0.100000, 0.120000, 0.109790, 2823.07, 187.965, 0.165196 
3.00, 16.00, 0.02, 0.055, 0.6, 0.8, 0.120000, 0.140000, 0.129814, 2732.04, 171.394, 0.179640 
3.00, 16.00, 0.02, 0.055, 0.6, 0.8, 0.140000, 0.170000, 0.154630, 2625.35, 152.912, 0.196069 
3.00, 16.00, 0.02, 0.055, 0.6, 0.8, 0.170000, 0.200000, 0.184672, 2506.33, 133.525, 0.214280 
3.00, 16.00, 0.02, 0.055, 0.6, 0.8, 0.200000, 0.230000, 0.214702, 2396.58, 117.109, 0.231051 
3.00, 16.00, 0.02, 0.055, 0.6, 0.8, 0.230000, 0.270000, 0.249518, 2279.34, 101.698, 0.249101 
3.00, 16.00, 0.02, 0.055, 0.6, 0.8, 0.270000, 0.300000, 0.284749, 2171.9, 90.1419, 0.266088 
3.00, 16.00, 0.02, 0.055, 0.6, 0.8, 0.300000, 0.350000, 0.324355, 2061.19, 81.4527, 0.284036 
3.00, 16.00, 0.02, 0.055, 0.6, 0.8, 0.350000, 0.400000, 0.374406, 1937.16, 76.2426, 0.305160 
3.00, 16.00, 0.02, 0.055, 0.6, 0.8, 0.400000, 0.460000, 0.429206, 1817.91, 75.4262, 0.326755 
3.00, 16.00, 0.02, 0.055, 0.6, 0.8, 0.460000, 0.520000, 0.489256, 1704.57, 78.5089, 0.348857 
3.00, 16.00, 0.02, 0.055, 0.6, 0.8, 0.520000, 0.600000, 0.558771, 1594.58, 83.4867, 0.372881 
3.00, 16.00, 0.02, 0.055, 0.6, 0.8, 0.600000, 0.680000, 0.638850, 1491.84, 88.6446, 0.398686 
3.00, 16.00, 0.055, 0.1, 0.2, 0.3, 0.020000, 0.040000, 0.029366, 89981.8, 2914.95, 0.238572 
3.00, 16.00, 0.055, 0.1, 0.2, 0.3, 0.040000, 0.060000, 0.049609, 93114, 2612.66, 0.310913 
3.00, 16.00, 0.055, 0.1, 0.2, 0.3, 0.060000, 0.080000, 0.069713, 98504, 2540.6, 0.368801 
3.00, 16.00, 0.055, 0.1, 0.3, 0.4, 0.020000, 0.040000, 0.029326, 39641.8, 1324.65, 0.170405 
3.00, 16.00, 0.055, 0.1, 0.3, 0.4, 0.040000, 0.060000, 0.049565, 38079.3, 1116.76, 0.222076 
3.00, 16.00, 0.055, 0.1, 0.3, 0.4, 0.060000, 0.080000, 0.069666, 36735.6, 949.051, 0.263423 
3.00, 16.00, 0.055, 0.1, 0.3, 0.4, 0.080000, 0.100000, 0.089724, 35615.3, 826.8, 0.298998 
3.00, 16.00, 0.055, 0.1, 0.3, 0.4, 0.100000, 0.120000, 0.109760, 34719.7, 757.784, 0.330725 
3.00, 16.00, 0.055, 0.1, 0.3, 0.4, 0.120000, 0.140000, 0.129787, 34066.2, 747.051, 0.359642 
3.00, 16.00, 0.055, 0.1, 0.3, 0.4, 0.140000, 0.170000, 0.154576, 33653.6, 809.589, 0.392533 
3.00, 16.00, 0.055, 0.1, 0.4, 0.6, 0.020000, 0.040000, 0.029324, 14073.8, 635.004, 0.119282 
3.00, 16.00, 0.055, 0.1, 0.4, 0.6, 0.040000, 0.060000, 0.049562, 13280, 562.037, 0.155451 
3.00, 16.00, 0.055, 0.1, 0.4, 0.6, 0.060000, 0.080000, 0.069662, 12556.7, 500.156, 0.184394 
3.00, 16.00, 0.055, 0.1, 0.4, 0.6, 0.080000, 0.100000, 0.089718, 11897.3, 448.151, 0.209296 
3.00, 16.00, 0.055, 0.1, 0.4, 0.6, 0.100000, 0.120000, 0.109754, 11296.3, 405.112, 0.231505 
3.00, 16.00, 0.055, 0.1, 0.4, 0.6, 0.120000, 0.140000, 0.129779, 10749.1, 370.389, 0.251746 
3.00, 16.00, 0.055, 0.1, 0.4, 0.6, 0.140000, 0.170000, 0.154553, 10136.8, 337.899, 0.274770 
3.00, 16.00, 0.055, 0.1, 0.4, 0.6, 0.170000, 0.200000, 0.184599, 9491.96, 313.896, 0.300290 
3.00, 16.00, 0.055, 0.1, 0.4, 0.6, 0.200000, 0.230000, 0.214632, 8939.18, 304.492, 0.323793 
3.00, 16.00, 0.055, 0.1, 0.4, 0.6, 0.230000, 0.270000, 0.249397, 8407.24, 308.645, 0.349088 
3.00, 16.00, 0.055, 0.1, 0.4, 0.6, 0.270000, 0.300000, 0.284686, 7982.5, 325.027, 0.372894 
3.00, 16.00, 0.055, 0.1, 0.6, 0.8, 0.020000, 0.040000, 0.029335, 4114.46, 279.245, 0.085201 
3.00, 16.00, 0.055, 0.1, 0.6, 0.8, 0.040000, 0.060000, 0.049572, 3876.07, 251.032, 0.111036 
3.00, 16.00, 0.055, 0.1, 0.6, 0.8, 0.060000, 0.080000, 0.069671, 3655.36, 226.39, 0.131709 
3.00, 16.00, 0.055, 0.1, 0.6, 0.8, 0.080000, 0.100000, 0.089726, 3450.42, 204.892, 0.149496 
3.00, 16.00, 0.055, 0.1, 0.6, 0.8, 0.100000, 0.120000, 0.109761, 3259.98, 186.188, 0.165359 
3.00, 16.00, 0.055, 0.1, 0.6, 0.8, 0.120000, 0.140000, 0.129786, 3082.92, 169.972, 0.179818 
3.00, 16.00, 0.055, 0.1, 0.6, 0.8, 0.140000, 0.170000, 0.154567, 2879.35, 152.823, 0.196263 
3.00, 16.00, 0.055, 0.1, 0.6, 0.8, 0.170000, 0.200000, 0.184609, 2657.04, 136.168, 0.214492 
3.00, 16.00, 0.055, 0.1, 0.6, 0.8, 0.200000, 0.230000, 0.214641, 2456.85, 123.236, 0.231280 
3.00, 16.00, 0.055, 0.1, 0.6, 0.8, 0.230000, 0.270000, 0.249411, 2248.43, 112.111, 0.249347 
3.00, 16.00, 0.055, 0.1, 0.6, 0.8, 0.270000, 0.300000, 0.284691, 2062.15, 104.536, 0.266351 
3.00, 16.00, 0.055, 0.1, 0.6, 0.8, 0.300000, 0.350000, 0.324195, 1875.59, 99.2566, 0.284317 
3.00, 16.00, 0.055, 0.1, 0.6, 0.8, 0.350000, 0.400000, 0.374248, 1672.85, 96.5222, 0.305462 
3.00, 16.00, 0.055, 0.1, 0.6, 0.8, 0.400000, 0.460000, 0.428985, 1484.66, 96.7628, 0.327079 
3.00, 16.00, 0.055, 0.1, 0.6, 0.8, 0.460000, 0.520000, 0.489039, 1313.02, 99.3682, 0.349202 
3.00, 16.00, 0.055, 0.1, 0.6, 0.8, 0.520000, 0.600000, 0.558391, 1150.73, 103.862, 0.373249 
3.00, 16.00, 0.055, 0.1, 0.6, 0.8, 0.600000, 0.680000, 0.638473, 1003.95, 109.703, 0.399080 
