#  Artemide prediction based on SV19 for h+.case2. 
#  xSec is the prediction for unpolarized cross-section dSigma/dz/dpT^2 in the given bin 
#  Err is uncertanty of SV19 fit 
#  The column delta is qT/Q-parameter of TMD factorization. Computed at the central parameters of the bins. Only qT/Q<0.25 are trustfull.                    Beyond this number TMD-prediction deviates from the xSec. In the table the values up to delta=0.75 are included. Most part of COMPASS data has delta>1  
#  Q2min, Q2max, xMin, xMax, zMin, zMax, pT2min, pT2max, <pT2>, xSec, err, delta 
1.00, 1.70, 0.003, 0.013, 0.4, 0.6, 0.020000, 0.040000, 0.029494, 17984.2, 1607.14, 0.296420 
1.00, 1.70, 0.003, 0.013, 0.6, 0.8, 0.020000, 0.040000, 0.029441, 4051.03, 523.369, 0.211728 
1.00, 1.70, 0.003, 0.013, 0.6, 0.8, 0.040000, 0.060000, 0.049677, 4108.66, 510.444, 0.275929 
1.00, 1.70, 0.003, 0.013, 0.6, 0.8, 0.060000, 0.080000, 0.069777, 4173.4, 498.392, 0.327303 
1.00, 1.70, 0.003, 0.013, 0.6, 0.8, 0.080000, 0.100000, 0.089832, 4245.71, 487.117, 0.371506 
1.00, 1.70, 0.013, 0.02, 0.4, 0.6, 0.020000, 0.040000, 0.029488, 9760.17, 862.862, 0.296506 
1.00, 1.70, 0.013, 0.02, 0.6, 0.8, 0.020000, 0.040000, 0.029427, 2282.68, 317.653, 0.211788 
1.00, 1.70, 0.013, 0.02, 0.6, 0.8, 0.040000, 0.060000, 0.049665, 2298.77, 298.335, 0.276008 
1.00, 1.70, 0.013, 0.02, 0.6, 0.8, 0.060000, 0.080000, 0.069766, 2320.64, 281.252, 0.327396 
1.00, 1.70, 0.013, 0.02, 0.6, 0.8, 0.080000, 0.100000, 0.089823, 2348.45, 266.284, 0.371611 
1.00, 1.70, 0.02, 0.055, 0.4, 0.6, 0.020000, 0.040000, 0.029411, 21553.1, 2272.22, 0.296978 
1.00, 1.70, 0.02, 0.055, 0.6, 0.8, 0.020000, 0.040000, 0.029353, 5749.99, 981.817, 0.212116 
1.00, 1.70, 0.02, 0.055, 0.6, 0.8, 0.040000, 0.060000, 0.049595, 5598.8, 880.971, 0.276434 
1.00, 1.70, 0.02, 0.055, 0.6, 0.8, 0.060000, 0.080000, 0.069699, 5473.39, 789.174, 0.327902 
1.00, 1.70, 0.02, 0.055, 0.6, 0.8, 0.080000, 0.100000, 0.089758, 5372.65, 706.152, 0.372186 
1.00, 1.70, 0.055, 0.1, 0.4, 0.6, 0.020000, 0.040000, 0.029334, 25.163, 2.67002, 0.298883 
1.00, 1.70, 0.055, 0.1, 0.6, 0.8, 0.020000, 0.040000, 0.029283, 7.82069, 1.20501, 0.213440 
1.00, 1.70, 0.055, 0.1, 0.6, 0.8, 0.040000, 0.060000, 0.049523, 7.32003, 1.0651, 0.278160 
1.00, 1.70, 0.055, 0.1, 0.6, 0.8, 0.060000, 0.080000, 0.069625, 6.87008, 0.937076, 0.329949 
1.00, 1.70, 0.055, 0.1, 0.6, 0.8, 0.080000, 0.100000, 0.089684, 6.46645, 0.820164, 0.374509 
1.70, 3.00, 0.003, 0.013, 0.3, 0.4, 0.020000, 0.040000, 0.029474, 16087, 679.077, 0.321336 
1.70, 3.00, 0.003, 0.013, 0.4, 0.6, 0.020000, 0.040000, 0.029429, 4680.85, 285.981, 0.224935 
1.70, 3.00, 0.003, 0.013, 0.4, 0.6, 0.040000, 0.060000, 0.049667, 4762.14, 280.301, 0.293141 
1.70, 3.00, 0.003, 0.013, 0.4, 0.6, 0.060000, 0.080000, 0.069768, 4860.88, 274.515, 0.347719 
1.70, 3.00, 0.003, 0.013, 0.6, 0.8, 0.020000, 0.040000, 0.029405, 1102.67, 104.314, 0.160667 
1.70, 3.00, 0.003, 0.013, 0.6, 0.8, 0.040000, 0.060000, 0.049641, 1095.99, 100.653, 0.209386 
1.70, 3.00, 0.003, 0.013, 0.6, 0.8, 0.060000, 0.080000, 0.069740, 1089.65, 97.0721, 0.248370 
1.70, 3.00, 0.003, 0.013, 0.6, 0.8, 0.080000, 0.100000, 0.089794, 1084.09, 93.4294, 0.281913 
1.70, 3.00, 0.003, 0.013, 0.6, 0.8, 0.100000, 0.120000, 0.109829, 1079.46, 89.837, 0.311827 
1.70, 3.00, 0.003, 0.013, 0.6, 0.8, 0.120000, 0.140000, 0.129853, 1075.52, 86.5388, 0.339092 
1.70, 3.00, 0.003, 0.013, 0.6, 0.8, 0.140000, 0.170000, 0.154717, 1071.63, 82.7151, 0.370103 
1.70, 3.00, 0.003, 0.013, 0.6, 0.8, 0.170000, 0.200000, 0.184759, 1068.47, 78.3846, 0.404478 
1.70, 3.00, 0.013, 0.02, 0.3, 0.4, 0.020000, 0.040000, 0.029529, 17583.5, 658.244, 0.321390 
1.70, 3.00, 0.013, 0.02, 0.4, 0.6, 0.020000, 0.040000, 0.029448, 5143.37, 293.186, 0.224972 
1.70, 3.00, 0.013, 0.02, 0.4, 0.6, 0.040000, 0.060000, 0.049687, 5242.46, 281.651, 0.293189 
1.70, 3.00, 0.013, 0.02, 0.4, 0.6, 0.060000, 0.080000, 0.069787, 5360.6, 273.024, 0.347776 
1.70, 3.00, 0.013, 0.02, 0.6, 0.8, 0.020000, 0.040000, 0.029412, 1241.1, 118.328, 0.160693 
1.70, 3.00, 0.013, 0.02, 0.6, 0.8, 0.040000, 0.060000, 0.049648, 1231.26, 111.856, 0.209420 
1.70, 3.00, 0.013, 0.02, 0.6, 0.8, 0.060000, 0.080000, 0.069748, 1222.61, 105.908, 0.248411 
1.70, 3.00, 0.013, 0.02, 0.6, 0.8, 0.080000, 0.100000, 0.089802, 1214.95, 100.437, 0.281959 
1.70, 3.00, 0.013, 0.02, 0.6, 0.8, 0.100000, 0.120000, 0.109837, 1208.27, 95.4163, 0.311877 
1.70, 3.00, 0.013, 0.02, 0.6, 0.8, 0.120000, 0.140000, 0.129861, 1202.63, 90.8163, 0.339146 
1.70, 3.00, 0.013, 0.02, 0.6, 0.8, 0.140000, 0.170000, 0.154737, 1197.07, 85.623, 0.370163 
1.70, 3.00, 0.013, 0.02, 0.6, 0.8, 0.170000, 0.200000, 0.184780, 1192.51, 80.1057, 0.404544 
1.70, 3.00, 0.02, 0.055, 0.3, 0.4, 0.020000, 0.040000, 0.029484, 54297.3, 2362.46, 0.321688 
1.70, 3.00, 0.02, 0.055, 0.4, 0.6, 0.020000, 0.040000, 0.029399, 17602.8, 1287.85, 0.225173 
1.70, 3.00, 0.02, 0.055, 0.4, 0.6, 0.040000, 0.060000, 0.049640, 17465.9, 1145.64, 0.293451 
1.70, 3.00, 0.02, 0.055, 0.4, 0.6, 0.060000, 0.080000, 0.069744, 17415, 1019.48, 0.348087 
1.70, 3.00, 0.02, 0.055, 0.6, 0.8, 0.020000, 0.040000, 0.029367, 4823.79, 594.99, 0.160835 
1.70, 3.00, 0.02, 0.055, 0.6, 0.8, 0.040000, 0.060000, 0.049605, 4658.06, 538.724, 0.209604 
1.70, 3.00, 0.02, 0.055, 0.6, 0.8, 0.060000, 0.080000, 0.069706, 4507.35, 487.053, 0.248629 
1.70, 3.00, 0.02, 0.055, 0.6, 0.8, 0.080000, 0.100000, 0.089762, 4370, 439.683, 0.282207 
1.70, 3.00, 0.02, 0.055, 0.6, 0.8, 0.100000, 0.120000, 0.109799, 4245.1, 396.39, 0.312152 
1.70, 3.00, 0.02, 0.055, 0.6, 0.8, 0.120000, 0.140000, 0.129825, 4131.91, 356.992, 0.339445 
1.70, 3.00, 0.02, 0.055, 0.6, 0.8, 0.140000, 0.170000, 0.154658, 4006.29, 313.154, 0.370489 
1.70, 3.00, 0.02, 0.055, 0.6, 0.8, 0.170000, 0.200000, 0.184706, 3876.01, 267.982, 0.404900 
1.70, 3.00, 0.055, 0.1, 0.3, 0.4, 0.020000, 0.040000, 0.029418, 19403.9, 995.269, 0.322891 
1.70, 3.00, 0.055, 0.1, 0.4, 0.6, 0.020000, 0.040000, 0.029332, 7078.7, 519.324, 0.225987 
1.70, 3.00, 0.055, 0.1, 0.4, 0.6, 0.040000, 0.060000, 0.049574, 6777.82, 460.751, 0.294513 
1.70, 3.00, 0.055, 0.1, 0.4, 0.6, 0.060000, 0.080000, 0.069678, 6519.38, 405.335, 0.349346 
1.70, 3.00, 0.055, 0.1, 0.6, 0.8, 0.020000, 0.040000, 0.029312, 2213.26, 228.905, 0.161407 
1.70, 3.00, 0.055, 0.1, 0.6, 0.8, 0.040000, 0.060000, 0.049550, 2079.93, 206.789, 0.210350 
1.70, 3.00, 0.055, 0.1, 0.6, 0.8, 0.060000, 0.080000, 0.069650, 1958.04, 186.323, 0.249514 
1.70, 3.00, 0.055, 0.1, 0.6, 0.8, 0.080000, 0.100000, 0.089706, 1847.69, 167.599, 0.283211 
1.70, 3.00, 0.055, 0.1, 0.6, 0.8, 0.100000, 0.120000, 0.109743, 1746.87, 152.303, 0.313263 
1.70, 3.00, 0.055, 0.1, 0.6, 0.8, 0.120000, 0.140000, 0.129769, 1653, 137.279, 0.340653 
1.70, 3.00, 0.055, 0.1, 0.6, 0.8, 0.140000, 0.170000, 0.154535, 1547.32, 120.06, 0.371808 
1.70, 3.00, 0.055, 0.1, 0.6, 0.8, 0.170000, 0.200000, 0.184585, 1434.69, 102.119, 0.406341 
3.00, 7.00, 0.003, 0.013, 0.2, 0.3, 0.020000, 0.040000, 0.029316, 1364.43, 45.1039, 0.311965 
3.00, 7.00, 0.003, 0.013, 0.3, 0.4, 0.020000, 0.040000, 0.029341, 488.892, 15.999, 0.222832 
3.00, 7.00, 0.003, 0.013, 0.3, 0.4, 0.040000, 0.060000, 0.049577, 496.551, 16.1382, 0.290400 
3.00, 7.00, 0.003, 0.013, 0.3, 0.4, 0.060000, 0.080000, 0.069676, 507.213, 16.4316, 0.344468 
3.00, 7.00, 0.003, 0.013, 0.3, 0.4, 0.080000, 0.100000, 0.089731, 521.653, 16.9004, 0.390989 
3.00, 7.00, 0.003, 0.013, 0.4, 0.6, 0.020000, 0.040000, 0.029370, 139.063, 6.05139, 0.155982 
3.00, 7.00, 0.003, 0.013, 0.4, 0.6, 0.040000, 0.060000, 0.049606, 138.28, 5.96546, 0.203280 
3.00, 7.00, 0.003, 0.013, 0.4, 0.6, 0.060000, 0.080000, 0.069704, 137.684, 5.88461, 0.241128 
3.00, 7.00, 0.003, 0.013, 0.4, 0.6, 0.080000, 0.100000, 0.089758, 137.29, 5.81036, 0.273692 
3.00, 7.00, 0.003, 0.013, 0.4, 0.6, 0.100000, 0.120000, 0.109792, 137.118, 5.74388, 0.302734 
3.00, 7.00, 0.003, 0.013, 0.4, 0.6, 0.120000, 0.140000, 0.129815, 137.191, 5.68618, 0.329203 
3.00, 7.00, 0.003, 0.013, 0.4, 0.6, 0.140000, 0.170000, 0.154630, 137.674, 5.62803, 0.359310 
3.00, 7.00, 0.003, 0.013, 0.6, 0.8, 0.020000, 0.040000, 0.029380, 33.3377, 2.36577, 0.111416 
3.00, 7.00, 0.003, 0.013, 0.6, 0.8, 0.040000, 0.060000, 0.049615, 32.8176, 2.27837, 0.145200 
3.00, 7.00, 0.003, 0.013, 0.6, 0.8, 0.060000, 0.080000, 0.069714, 32.3199, 2.19455, 0.172234 
3.00, 7.00, 0.003, 0.013, 0.6, 0.8, 0.080000, 0.100000, 0.089767, 31.8376, 2.11399, 0.195494 
3.00, 7.00, 0.003, 0.013, 0.6, 0.8, 0.100000, 0.120000, 0.109801, 31.3701, 2.03669, 0.216238 
3.00, 7.00, 0.003, 0.013, 0.6, 0.8, 0.120000, 0.140000, 0.129825, 30.9188, 1.96258, 0.235145 
3.00, 7.00, 0.003, 0.013, 0.6, 0.8, 0.140000, 0.170000, 0.154652, 30.3773, 1.8743, 0.256650 
3.00, 7.00, 0.003, 0.013, 0.6, 0.8, 0.170000, 0.200000, 0.184692, 29.7587, 1.77419, 0.280488 
3.00, 7.00, 0.003, 0.013, 0.6, 0.8, 0.200000, 0.230000, 0.214720, 29.1741, 1.6802, 0.302441 
3.00, 7.00, 0.003, 0.013, 0.6, 0.8, 0.230000, 0.270000, 0.249546, 28.5338, 1.57782, 0.326068 
3.00, 7.00, 0.003, 0.013, 0.6, 0.8, 0.270000, 0.300000, 0.284763, 27.9349, 1.48239, 0.348304 
3.00, 7.00, 0.003, 0.013, 0.6, 0.8, 0.300000, 0.350000, 0.324384, 27.3063, 1.38163, 0.371797 
3.00, 7.00, 0.003, 0.013, 0.6, 0.8, 0.350000, 0.400000, 0.374426, 26.5941, 1.26647, 0.399448 
3.00, 7.00, 0.013, 0.02, 0.2, 0.3, 0.020000, 0.040000, 0.029427, 16566.9, 530.69, 0.311990 
3.00, 7.00, 0.013, 0.02, 0.3, 0.4, 0.020000, 0.040000, 0.029386, 6034.29, 182.289, 0.222849 
3.00, 7.00, 0.013, 0.02, 0.3, 0.4, 0.040000, 0.060000, 0.049626, 6103.76, 181.866, 0.290423 
3.00, 7.00, 0.013, 0.02, 0.3, 0.4, 0.060000, 0.080000, 0.069727, 6200.57, 183.765, 0.344495 
3.00, 7.00, 0.013, 0.02, 0.3, 0.4, 0.080000, 0.100000, 0.089785, 6331.25, 188.022, 0.391020 
3.00, 7.00, 0.013, 0.02, 0.4, 0.6, 0.020000, 0.040000, 0.029386, 1742.85, 72.0083, 0.155994 
3.00, 7.00, 0.013, 0.02, 0.4, 0.6, 0.040000, 0.060000, 0.049622, 1727.42, 69.9962, 0.203296 
3.00, 7.00, 0.013, 0.02, 0.4, 0.6, 0.060000, 0.080000, 0.069722, 1714.05, 68.1835, 0.241146 
3.00, 7.00, 0.013, 0.02, 0.4, 0.6, 0.080000, 0.100000, 0.089776, 1702.77, 66.5744, 0.273713 
3.00, 7.00, 0.013, 0.02, 0.4, 0.6, 0.100000, 0.120000, 0.109811, 1693.74, 65.169, 0.302757 
3.00, 7.00, 0.013, 0.02, 0.4, 0.6, 0.120000, 0.140000, 0.129835, 1687.13, 63.9665, 0.329229 
3.00, 7.00, 0.013, 0.02, 0.4, 0.6, 0.140000, 0.170000, 0.154678, 1682.61, 62.7475, 0.359338 
3.00, 7.00, 0.013, 0.02, 0.6, 0.8, 0.020000, 0.040000, 0.029386, 418.775, 29.6509, 0.111424 
3.00, 7.00, 0.013, 0.02, 0.6, 0.8, 0.040000, 0.060000, 0.049621, 411.216, 28.1773, 0.145211 
3.00, 7.00, 0.013, 0.02, 0.6, 0.8, 0.060000, 0.080000, 0.069721, 403.987, 26.7899, 0.172247 
3.00, 7.00, 0.013, 0.02, 0.6, 0.8, 0.080000, 0.100000, 0.089774, 396.997, 25.4832, 0.195509 
3.00, 7.00, 0.013, 0.02, 0.6, 0.8, 0.100000, 0.120000, 0.109809, 390.239, 24.2553, 0.216255 
3.00, 7.00, 0.013, 0.02, 0.6, 0.8, 0.120000, 0.140000, 0.129833, 383.722, 23.1032, 0.235163 
3.00, 7.00, 0.013, 0.02, 0.6, 0.8, 0.140000, 0.170000, 0.154670, 375.908, 21.7667, 0.256670 
3.00, 7.00, 0.013, 0.02, 0.6, 0.8, 0.170000, 0.200000, 0.184711, 366.981, 20.3005, 0.280510 
3.00, 7.00, 0.013, 0.02, 0.6, 0.8, 0.200000, 0.230000, 0.214741, 358.535, 18.9771, 0.302464 
3.00, 7.00, 0.013, 0.02, 0.6, 0.8, 0.230000, 0.270000, 0.249584, 349.262, 17.6004, 0.326093 
3.00, 7.00, 0.013, 0.02, 0.6, 0.8, 0.270000, 0.300000, 0.284786, 340.548, 16.3818, 0.348330 
3.00, 7.00, 0.013, 0.02, 0.6, 0.8, 0.300000, 0.350000, 0.324453, 331.321, 15.1703, 0.371826 
3.00, 7.00, 0.013, 0.02, 0.6, 0.8, 0.350000, 0.400000, 0.374499, 320.72, 13.8833, 0.399479 
3.00, 7.00, 0.02, 0.055, 0.2, 0.3, 0.020000, 0.040000, 0.029473, 88207.6, 2668.82, 0.312128 
3.00, 7.00, 0.02, 0.055, 0.3, 0.4, 0.020000, 0.040000, 0.029390, 34598.3, 1033.38, 0.222945 
3.00, 7.00, 0.02, 0.055, 0.3, 0.4, 0.040000, 0.060000, 0.049631, 34371.6, 919.839, 0.290548 
3.00, 7.00, 0.02, 0.055, 0.3, 0.4, 0.060000, 0.080000, 0.069733, 34296.2, 845.245, 0.344643 
3.00, 7.00, 0.02, 0.055, 0.3, 0.4, 0.080000, 0.100000, 0.089793, 34394.7, 811.655, 0.391188 
3.00, 7.00, 0.02, 0.055, 0.4, 0.6, 0.020000, 0.040000, 0.029369, 10890.5, 523.244, 0.156060 
3.00, 7.00, 0.02, 0.055, 0.4, 0.6, 0.040000, 0.060000, 0.049607, 10590.3, 470.298, 0.203382 
3.00, 7.00, 0.02, 0.055, 0.4, 0.6, 0.060000, 0.080000, 0.069708, 10317.4, 423.914, 0.241248 
3.00, 7.00, 0.02, 0.055, 0.4, 0.6, 0.080000, 0.100000, 0.089763, 10069.8, 383.992, 0.273829 
3.00, 7.00, 0.02, 0.055, 0.4, 0.6, 0.100000, 0.120000, 0.109799, 9846.36, 350.471, 0.302885 
3.00, 7.00, 0.02, 0.055, 0.4, 0.6, 0.120000, 0.140000, 0.129824, 9646.44, 323.301, 0.329368 
3.00, 7.00, 0.02, 0.055, 0.4, 0.6, 0.140000, 0.170000, 0.154656, 9429.71, 298.112, 0.359490 
3.00, 7.00, 0.02, 0.055, 0.6, 0.8, 0.020000, 0.040000, 0.029365, 2847.58, 245.463, 0.111471 
3.00, 7.00, 0.02, 0.055, 0.6, 0.8, 0.040000, 0.060000, 0.049601, 2748.3, 224.281, 0.145272 
3.00, 7.00, 0.02, 0.055, 0.6, 0.8, 0.060000, 0.080000, 0.069701, 2655.04, 204.771, 0.172319 
3.00, 7.00, 0.02, 0.055, 0.6, 0.8, 0.080000, 0.100000, 0.089755, 2567, 186.827, 0.195591 
3.00, 7.00, 0.02, 0.055, 0.6, 0.8, 0.100000, 0.120000, 0.109790, 2483.82, 170.367, 0.216346 
3.00, 7.00, 0.02, 0.055, 0.6, 0.8, 0.120000, 0.140000, 0.129815, 2405.29, 155.317, 0.235262 
3.00, 7.00, 0.02, 0.055, 0.6, 0.8, 0.140000, 0.170000, 0.154633, 2313.34, 138.433, 0.256778 
3.00, 7.00, 0.02, 0.055, 0.6, 0.8, 0.170000, 0.200000, 0.184676, 2210.92, 120.763, 0.280627 
3.00, 7.00, 0.02, 0.055, 0.6, 0.8, 0.200000, 0.230000, 0.214708, 2116.61, 105.867, 0.302591 
3.00, 7.00, 0.02, 0.055, 0.6, 0.8, 0.230000, 0.270000, 0.249530, 2016.03, 91.9055, 0.326230 
3.00, 7.00, 0.02, 0.055, 0.6, 0.8, 0.270000, 0.300000, 0.284758, 1924.04, 81.4161, 0.348477 
3.00, 7.00, 0.02, 0.055, 0.6, 0.8, 0.300000, 0.350000, 0.324382, 1829.48, 73.5192, 0.371982 
3.00, 7.00, 0.02, 0.055, 0.6, 0.8, 0.350000, 0.400000, 0.374437, 1723.91, 68.8261, 0.399646 
3.00, 7.00, 0.055, 0.1, 0.2, 0.3, 0.020000, 0.040000, 0.029439, 67817.1, 2290.86, 0.312689 
3.00, 7.00, 0.055, 0.1, 0.3, 0.4, 0.020000, 0.040000, 0.029347, 30005.8, 1109.48, 0.223334 
3.00, 7.00, 0.055, 0.1, 0.3, 0.4, 0.040000, 0.060000, 0.049588, 28998, 935.91, 0.291054 
3.00, 7.00, 0.055, 0.1, 0.3, 0.4, 0.060000, 0.080000, 0.069692, 28162.1, 791.288, 0.345244 
3.00, 7.00, 0.055, 0.1, 0.3, 0.4, 0.080000, 0.100000, 0.089753, 27505.9, 680.966, 0.391869 
3.00, 7.00, 0.055, 0.1, 0.4, 0.6, 0.020000, 0.040000, 0.029322, 10812.3, 535.898, 0.156328 
3.00, 7.00, 0.055, 0.1, 0.4, 0.6, 0.040000, 0.060000, 0.049561, 10207.6, 475.562, 0.203730 
3.00, 7.00, 0.055, 0.1, 0.4, 0.6, 0.060000, 0.080000, 0.069662, 9658.87, 423.474, 0.241662 
3.00, 7.00, 0.055, 0.1, 0.4, 0.6, 0.080000, 0.100000, 0.089718, 9161.11, 378.798, 0.274298 
3.00, 7.00, 0.055, 0.1, 0.4, 0.6, 0.100000, 0.120000, 0.109755, 8710.02, 340.963, 0.303404 
3.00, 7.00, 0.055, 0.1, 0.4, 0.6, 0.120000, 0.140000, 0.129781, 8301.97, 309.642, 0.329932 
3.00, 7.00, 0.055, 0.1, 0.4, 0.6, 0.140000, 0.170000, 0.154562, 7849.39, 279.411, 0.360106 
3.00, 7.00, 0.055, 0.1, 0.6, 0.8, 0.020000, 0.040000, 0.029324, 3231.53, 232.079, 0.111661 
3.00, 7.00, 0.055, 0.1, 0.6, 0.8, 0.040000, 0.060000, 0.049561, 3038.63, 209.435, 0.145519 
3.00, 7.00, 0.055, 0.1, 0.6, 0.8, 0.060000, 0.080000, 0.069661, 2860.45, 189.529, 0.172612 
3.00, 7.00, 0.055, 0.1, 0.6, 0.8, 0.080000, 0.100000, 0.089716, 2695.4, 172.025, 0.195924 
3.00, 7.00, 0.055, 0.1, 0.6, 0.8, 0.100000, 0.120000, 0.109751, 2542.4, 156.649, 0.216713 
3.00, 7.00, 0.055, 0.1, 0.6, 0.8, 0.120000, 0.140000, 0.129776, 2400.52, 143.169, 0.235662 
3.00, 7.00, 0.055, 0.1, 0.6, 0.8, 0.140000, 0.170000, 0.154546, 2237.85, 128.706, 0.257214 
3.00, 7.00, 0.055, 0.1, 0.6, 0.8, 0.170000, 0.200000, 0.184590, 2060.82, 114.378, 0.281104 
3.00, 7.00, 0.055, 0.1, 0.6, 0.8, 0.200000, 0.230000, 0.214623, 1902.01, 102.978, 0.303106 
3.00, 7.00, 0.055, 0.1, 0.6, 0.8, 0.230000, 0.270000, 0.249382, 1737.39, 92.897, 0.326784 
3.00, 7.00, 0.055, 0.1, 0.6, 0.8, 0.270000, 0.300000, 0.284675, 1590.93, 85.8259, 0.349069 
3.00, 7.00, 0.055, 0.1, 0.6, 0.8, 0.300000, 0.350000, 0.324157, 1445.08, 80.7991, 0.372614 
3.00, 7.00, 0.055, 0.1, 0.6, 0.8, 0.350000, 0.400000, 0.374217, 1287.59, 78.2135, 0.400326 
7.00, 16.00, 0.003, 0.013, 0.2, 0.3, 0.020000, 0.040000, 0.029347, 0, 0, 0.205500 
7.00, 16.00, 0.003, 0.013, 0.2, 0.3, 0.040000, 0.060000, 0.049587, 0, 0, 0.267812 
7.00, 16.00, 0.003, 0.013, 0.2, 0.3, 0.060000, 0.080000, 0.069686, 0, 0, 0.317675 
7.00, 16.00, 0.003, 0.013, 0.2, 0.3, 0.080000, 0.100000, 0.089742, 0, 0, 0.360577 
7.00, 16.00, 0.003, 0.013, 0.3, 0.4, 0.020000, 0.040000, 0.029362, 0, 0, 0.146785 
7.00, 16.00, 0.003, 0.013, 0.3, 0.4, 0.040000, 0.060000, 0.049599, 0, 0, 0.191295 
7.00, 16.00, 0.003, 0.013, 0.3, 0.4, 0.060000, 0.080000, 0.069697, 0, 0, 0.226911 
7.00, 16.00, 0.003, 0.013, 0.3, 0.4, 0.080000, 0.100000, 0.089752, 0, 0, 0.257555 
7.00, 16.00, 0.003, 0.013, 0.3, 0.4, 0.100000, 0.120000, 0.109785, 0, 0, 0.284884 
7.00, 16.00, 0.003, 0.013, 0.3, 0.4, 0.120000, 0.140000, 0.129809, 0, 0, 0.309793 
7.00, 16.00, 0.003, 0.013, 0.3, 0.4, 0.140000, 0.170000, 0.154619, 0, 0, 0.338126 
7.00, 16.00, 0.003, 0.013, 0.3, 0.4, 0.170000, 0.200000, 0.184660, 0, 0, 0.369531 
7.00, 16.00, 0.003, 0.013, 0.3, 0.4, 0.200000, 0.230000, 0.214689, 0, 0, 0.398453 
7.00, 16.00, 0.003, 0.013, 0.4, 0.6, 0.020000, 0.040000, 0.029383, 0, 0, 0.102750 
7.00, 16.00, 0.003, 0.013, 0.4, 0.6, 0.040000, 0.060000, 0.049619, 0, 0, 0.133906 
7.00, 16.00, 0.003, 0.013, 0.4, 0.6, 0.060000, 0.080000, 0.069717, 0, 0, 0.158837 
7.00, 16.00, 0.003, 0.013, 0.4, 0.6, 0.080000, 0.100000, 0.089770, 0, 0, 0.180289 
7.00, 16.00, 0.003, 0.013, 0.4, 0.6, 0.100000, 0.120000, 0.109805, 0, 0, 0.199419 
7.00, 16.00, 0.003, 0.013, 0.4, 0.6, 0.120000, 0.140000, 0.129828, 0, 0, 0.216855 
7.00, 16.00, 0.003, 0.013, 0.4, 0.6, 0.140000, 0.170000, 0.154659, 0, 0, 0.236688 
7.00, 16.00, 0.003, 0.013, 0.4, 0.6, 0.170000, 0.200000, 0.184699, 0, 0, 0.258671 
7.00, 16.00, 0.003, 0.013, 0.4, 0.6, 0.200000, 0.230000, 0.214727, 0, 0, 0.278917 
7.00, 16.00, 0.003, 0.013, 0.4, 0.6, 0.230000, 0.270000, 0.249557, 0, 0, 0.300706 
7.00, 16.00, 0.003, 0.013, 0.4, 0.6, 0.270000, 0.300000, 0.284770, 0, 0, 0.321212 
7.00, 16.00, 0.003, 0.013, 0.4, 0.6, 0.300000, 0.350000, 0.324406, 0, 0, 0.342878 
7.00, 16.00, 0.003, 0.013, 0.4, 0.6, 0.350000, 0.400000, 0.374448, 0, 0, 0.368379 
7.00, 16.00, 0.003, 0.013, 0.6, 0.8, 0.020000, 0.040000, 0.029390, 0, 0, 0.073393 
7.00, 16.00, 0.003, 0.013, 0.6, 0.8, 0.040000, 0.060000, 0.049625, 0, 0, 0.095647 
7.00, 16.00, 0.003, 0.013, 0.6, 0.8, 0.060000, 0.080000, 0.069724, 0, 0, 0.113455 
7.00, 16.00, 0.003, 0.013, 0.6, 0.8, 0.080000, 0.100000, 0.089778, 0, 0, 0.128778 
7.00, 16.00, 0.003, 0.013, 0.6, 0.8, 0.100000, 0.120000, 0.109812, 0, 0, 0.142442 
7.00, 16.00, 0.003, 0.013, 0.6, 0.8, 0.120000, 0.140000, 0.129835, 0, 0, 0.154897 
7.00, 16.00, 0.003, 0.013, 0.6, 0.8, 0.140000, 0.170000, 0.154676, 0, 0, 0.169063 
7.00, 16.00, 0.003, 0.013, 0.6, 0.8, 0.170000, 0.200000, 0.184716, 0, 0, 0.184765 
7.00, 16.00, 0.003, 0.013, 0.6, 0.8, 0.200000, 0.230000, 0.214745, 0, 0, 0.199226 
7.00, 16.00, 0.003, 0.013, 0.6, 0.8, 0.230000, 0.270000, 0.249589, 0, 0, 0.214790 
7.00, 16.00, 0.003, 0.013, 0.6, 0.8, 0.270000, 0.300000, 0.284787, 0, 0, 0.229437 
7.00, 16.00, 0.003, 0.013, 0.6, 0.8, 0.300000, 0.350000, 0.324454, 0, 0, 0.244913 
7.00, 16.00, 0.003, 0.013, 0.6, 0.8, 0.350000, 0.400000, 0.374497, 0, 0, 0.263128 
7.00, 16.00, 0.003, 0.013, 0.6, 0.8, 0.400000, 0.460000, 0.429327, 0, 0, 0.281749 
7.00, 16.00, 0.003, 0.013, 0.6, 0.8, 0.460000, 0.520000, 0.489366, 0, 0, 0.300806 
7.00, 16.00, 0.003, 0.013, 0.6, 0.8, 0.520000, 0.600000, 0.558947, 0, 0, 0.321521 
7.00, 16.00, 0.003, 0.013, 0.6, 0.8, 0.600000, 0.680000, 0.639006, 0, 0, 0.343772 
7.00, 16.00, 0.003, 0.013, 0.6, 0.8, 0.680000, 0.760000, 0.719049, 0, 0, 0.364662 
7.00, 16.00, 0.003, 0.013, 0.6, 0.8, 0.760000, 0.870000, 0.813275, 0, 0, 0.387903 
7.00, 16.00, 0.013, 0.02, 0.2, 0.3, 0.020000, 0.040000, 0.029311, 0, 0, 0.205507 
7.00, 16.00, 0.013, 0.02, 0.2, 0.3, 0.040000, 0.060000, 0.049550, 0, 0, 0.267822 
7.00, 16.00, 0.013, 0.02, 0.2, 0.3, 0.060000, 0.080000, 0.069648, 0, 0, 0.317686 
7.00, 16.00, 0.013, 0.02, 0.2, 0.3, 0.080000, 0.100000, 0.089703, 0, 0, 0.360590 
7.00, 16.00, 0.013, 0.02, 0.3, 0.4, 0.020000, 0.040000, 0.029338, 0, 0, 0.146790 
7.00, 16.00, 0.013, 0.02, 0.3, 0.4, 0.040000, 0.060000, 0.049575, 0, 0, 0.191301 
7.00, 16.00, 0.013, 0.02, 0.3, 0.4, 0.060000, 0.080000, 0.069673, 0, 0, 0.226918 
7.00, 16.00, 0.013, 0.02, 0.3, 0.4, 0.080000, 0.100000, 0.089728, 0, 0, 0.257564 
7.00, 16.00, 0.013, 0.02, 0.3, 0.4, 0.100000, 0.120000, 0.109761, 0, 0, 0.284894 
7.00, 16.00, 0.013, 0.02, 0.3, 0.4, 0.120000, 0.140000, 0.129785, 0, 0, 0.309804 
7.00, 16.00, 0.013, 0.02, 0.3, 0.4, 0.140000, 0.170000, 0.154565, 0, 0, 0.338137 
7.00, 16.00, 0.013, 0.02, 0.3, 0.4, 0.170000, 0.200000, 0.184605, 0, 0, 0.369543 
7.00, 16.00, 0.013, 0.02, 0.3, 0.4, 0.200000, 0.230000, 0.214635, 0, 0, 0.398466 
7.00, 16.00, 0.013, 0.02, 0.4, 0.6, 0.020000, 0.040000, 0.029367, 0, 0, 0.102753 
7.00, 16.00, 0.013, 0.02, 0.4, 0.6, 0.040000, 0.060000, 0.049603, 0, 0, 0.133911 
7.00, 16.00, 0.013, 0.02, 0.4, 0.6, 0.060000, 0.080000, 0.069702, 0, 0, 0.158843 
7.00, 16.00, 0.013, 0.02, 0.4, 0.6, 0.080000, 0.100000, 0.089755, 0, 0, 0.180295 
7.00, 16.00, 0.013, 0.02, 0.4, 0.6, 0.100000, 0.120000, 0.109789, 0, 0, 0.199426 
7.00, 16.00, 0.013, 0.02, 0.4, 0.6, 0.120000, 0.140000, 0.129813, 0, 0, 0.216863 
7.00, 16.00, 0.013, 0.02, 0.4, 0.6, 0.140000, 0.170000, 0.154625, 0, 0, 0.236696 
7.00, 16.00, 0.013, 0.02, 0.4, 0.6, 0.170000, 0.200000, 0.184666, 0, 0, 0.258680 
7.00, 16.00, 0.013, 0.02, 0.4, 0.6, 0.200000, 0.230000, 0.214694, 0, 0, 0.278926 
7.00, 16.00, 0.013, 0.02, 0.4, 0.6, 0.230000, 0.270000, 0.249498, 0, 0, 0.300716 
7.00, 16.00, 0.013, 0.02, 0.4, 0.6, 0.270000, 0.300000, 0.284738, 0, 0, 0.321223 
7.00, 16.00, 0.013, 0.02, 0.4, 0.6, 0.300000, 0.350000, 0.324316, 0, 0, 0.342890 
7.00, 16.00, 0.013, 0.02, 0.4, 0.6, 0.350000, 0.400000, 0.374359, 0, 0, 0.368391 
7.00, 16.00, 0.013, 0.02, 0.6, 0.8, 0.020000, 0.040000, 0.029382, 0, 0, 0.073395 
7.00, 16.00, 0.013, 0.02, 0.6, 0.8, 0.040000, 0.060000, 0.049617, 0, 0, 0.095650 
7.00, 16.00, 0.013, 0.02, 0.6, 0.8, 0.060000, 0.080000, 0.069716, 0, 0, 0.113459 
7.00, 16.00, 0.013, 0.02, 0.6, 0.8, 0.080000, 0.100000, 0.089769, 0, 0, 0.128782 
7.00, 16.00, 0.013, 0.02, 0.6, 0.8, 0.100000, 0.120000, 0.109803, 0, 0, 0.142447 
7.00, 16.00, 0.013, 0.02, 0.6, 0.8, 0.120000, 0.140000, 0.129827, 0, 0, 0.154902 
7.00, 16.00, 0.013, 0.02, 0.6, 0.8, 0.140000, 0.170000, 0.154657, 0, 0, 0.169068 
7.00, 16.00, 0.013, 0.02, 0.6, 0.8, 0.170000, 0.200000, 0.184697, 0, 0, 0.184771 
7.00, 16.00, 0.013, 0.02, 0.6, 0.8, 0.200000, 0.230000, 0.214726, 0, 0, 0.199233 
7.00, 16.00, 0.013, 0.02, 0.6, 0.8, 0.230000, 0.270000, 0.249557, 0, 0, 0.214797 
7.00, 16.00, 0.013, 0.02, 0.6, 0.8, 0.270000, 0.300000, 0.284769, 0, 0, 0.229445 
7.00, 16.00, 0.013, 0.02, 0.6, 0.8, 0.300000, 0.350000, 0.324405, 0, 0, 0.244921 
7.00, 16.00, 0.013, 0.02, 0.6, 0.8, 0.350000, 0.400000, 0.374448, 0, 0, 0.263136 
7.00, 16.00, 0.013, 0.02, 0.6, 0.8, 0.400000, 0.460000, 0.429258, 0, 0, 0.281758 
7.00, 16.00, 0.013, 0.02, 0.6, 0.8, 0.460000, 0.520000, 0.489299, 0, 0, 0.300816 
7.00, 16.00, 0.013, 0.02, 0.6, 0.8, 0.520000, 0.600000, 0.558828, 0, 0, 0.321531 
7.00, 16.00, 0.013, 0.02, 0.6, 0.8, 0.600000, 0.680000, 0.638888, 0, 0, 0.343783 
7.00, 16.00, 0.013, 0.02, 0.6, 0.8, 0.680000, 0.760000, 0.718932, 0, 0, 0.364674 
7.00, 16.00, 0.013, 0.02, 0.6, 0.8, 0.760000, 0.870000, 0.813053, 0, 0, 0.387916 
7.00, 16.00, 0.02, 0.055, 0.2, 0.3, 0.020000, 0.040000, 0.029337, 12419.5, 382.657, 0.205545 
7.00, 16.00, 0.02, 0.055, 0.2, 0.3, 0.040000, 0.060000, 0.049579, 12125.7, 360.431, 0.267871 
7.00, 16.00, 0.02, 0.055, 0.2, 0.3, 0.060000, 0.080000, 0.069680, 11892.1, 351.417, 0.317745 
7.00, 16.00, 0.02, 0.055, 0.2, 0.3, 0.080000, 0.100000, 0.089737, 11723.7, 353.751, 0.360657 
7.00, 16.00, 0.02, 0.055, 0.3, 0.4, 0.020000, 0.040000, 0.029337, 5032.8, 140.351, 0.146817 
7.00, 16.00, 0.02, 0.055, 0.3, 0.4, 0.040000, 0.060000, 0.049575, 4808.39, 123.876, 0.191336 
7.00, 16.00, 0.02, 0.055, 0.3, 0.4, 0.060000, 0.080000, 0.069675, 4601.51, 112.106, 0.226960 
7.00, 16.00, 0.02, 0.055, 0.3, 0.4, 0.080000, 0.100000, 0.089731, 4411.52, 104.683, 0.257611 
7.00, 16.00, 0.02, 0.055, 0.3, 0.4, 0.100000, 0.120000, 0.109766, 4235.97, 100.942, 0.284946 
7.00, 16.00, 0.02, 0.055, 0.3, 0.4, 0.120000, 0.140000, 0.129791, 4073.96, 100.096, 0.309861 
7.00, 16.00, 0.02, 0.055, 0.3, 0.4, 0.140000, 0.170000, 0.154582, 3889.49, 101.833, 0.338199 
7.00, 16.00, 0.02, 0.055, 0.3, 0.4, 0.170000, 0.200000, 0.184626, 3691.02, 106.292, 0.369611 
7.00, 16.00, 0.02, 0.055, 0.3, 0.4, 0.200000, 0.230000, 0.214659, 3515.92, 111.817, 0.398539 
7.00, 16.00, 0.02, 0.055, 0.4, 0.6, 0.020000, 0.040000, 0.029354, 1575.27, 65.8328, 0.102772 
7.00, 16.00, 0.02, 0.055, 0.4, 0.6, 0.040000, 0.060000, 0.049591, 1506.48, 58.4496, 0.133935 
7.00, 16.00, 0.02, 0.055, 0.4, 0.6, 0.060000, 0.080000, 0.069690, 1441.97, 52.0649, 0.158872 
7.00, 16.00, 0.02, 0.055, 0.4, 0.6, 0.080000, 0.100000, 0.089744, 1381.38, 46.6451, 0.180327 
7.00, 16.00, 0.02, 0.055, 0.4, 0.6, 0.100000, 0.120000, 0.109779, 1324.51, 42.1004, 0.199462 
7.00, 16.00, 0.02, 0.055, 0.4, 0.6, 0.120000, 0.140000, 0.129804, 1271.04, 38.3987, 0.216902 
7.00, 16.00, 0.02, 0.055, 0.4, 0.6, 0.140000, 0.170000, 0.154607, 1208.74, 34.8725, 0.236739 
7.00, 16.00, 0.02, 0.055, 0.4, 0.6, 0.170000, 0.200000, 0.184649, 1139.63, 32.0426, 0.258727 
7.00, 16.00, 0.02, 0.055, 0.4, 0.6, 0.200000, 0.230000, 0.214680, 1076.18, 30.4762, 0.278977 
7.00, 16.00, 0.02, 0.055, 0.4, 0.6, 0.230000, 0.270000, 0.249478, 1008.9, 29.8048, 0.300771 
7.00, 16.00, 0.02, 0.055, 0.4, 0.6, 0.270000, 0.300000, 0.284728, 947.503, 29.9206, 0.321282 
7.00, 16.00, 0.02, 0.055, 0.4, 0.6, 0.300000, 0.350000, 0.324297, 884.406, 30.4906, 0.342952 
7.00, 16.00, 0.02, 0.055, 0.4, 0.6, 0.350000, 0.400000, 0.374347, 813.938, 31.3954, 0.368458 
7.00, 16.00, 0.02, 0.055, 0.6, 0.8, 0.020000, 0.040000, 0.029366, 394.96, 28.8493, 0.073408 
7.00, 16.00, 0.02, 0.055, 0.6, 0.8, 0.040000, 0.060000, 0.049602, 379.62, 26.2085, 0.095668 
7.00, 16.00, 0.02, 0.055, 0.6, 0.8, 0.060000, 0.080000, 0.069702, 365.111, 23.7948, 0.113480 
7.00, 16.00, 0.02, 0.055, 0.6, 0.8, 0.080000, 0.100000, 0.089755, 351.328, 21.5942, 0.128805 
7.00, 16.00, 0.02, 0.055, 0.6, 0.8, 0.100000, 0.120000, 0.109790, 338.213, 19.5892, 0.142473 
7.00, 16.00, 0.02, 0.055, 0.6, 0.8, 0.120000, 0.140000, 0.129814, 325.739, 17.7702, 0.154930 
7.00, 16.00, 0.02, 0.055, 0.6, 0.8, 0.140000, 0.170000, 0.154630, 311.015, 15.7486, 0.169099 
7.00, 16.00, 0.02, 0.055, 0.6, 0.8, 0.170000, 0.200000, 0.184671, 294.456, 13.6545, 0.184805 
7.00, 16.00, 0.02, 0.055, 0.6, 0.8, 0.200000, 0.230000, 0.214701, 279.045, 11.9094, 0.199269 
7.00, 16.00, 0.02, 0.055, 0.6, 0.8, 0.230000, 0.270000, 0.249516, 262.406, 10.2908, 0.214836 
7.00, 16.00, 0.02, 0.055, 0.6, 0.8, 0.270000, 0.300000, 0.284748, 246.988, 9.0815, 0.229487 
7.00, 16.00, 0.02, 0.055, 0.6, 0.8, 0.300000, 0.350000, 0.324349, 230.872, 8.16445, 0.244966 
7.00, 16.00, 0.02, 0.055, 0.6, 0.8, 0.350000, 0.400000, 0.374398, 212.525, 7.58222, 0.263184 
7.00, 16.00, 0.02, 0.055, 0.6, 0.8, 0.400000, 0.460000, 0.429194, 194.486, 7.44657, 0.281809 
7.00, 16.00, 0.02, 0.055, 0.6, 0.8, 0.460000, 0.520000, 0.489242, 176.964, 7.61775, 0.300871 
7.00, 16.00, 0.02, 0.055, 0.6, 0.8, 0.520000, 0.600000, 0.558743, 159.032, 7.94226, 0.321590 
7.00, 16.00, 0.02, 0.055, 0.6, 0.8, 0.600000, 0.680000, 0.638818, 141.155, 8.28101, 0.343845 
7.00, 16.00, 0.02, 0.055, 0.6, 0.8, 0.680000, 0.760000, 0.718875, 125.652, 8.49009, 0.364741 
7.00, 16.00, 0.02, 0.055, 0.6, 0.8, 0.760000, 0.870000, 0.812973, 109.804, 8.54614, 0.387987 
7.00, 16.00, 0.055, 0.1, 0.2, 0.3, 0.020000, 0.040000, 0.029341, 22173.2, 669.735, 0.205700 
7.00, 16.00, 0.055, 0.1, 0.2, 0.3, 0.040000, 0.060000, 0.049583, 21405.6, 591.139, 0.268073 
7.00, 16.00, 0.055, 0.1, 0.2, 0.3, 0.060000, 0.080000, 0.069685, 20747.2, 546.281, 0.317984 
7.00, 16.00, 0.055, 0.1, 0.2, 0.3, 0.080000, 0.100000, 0.089743, 20203.3, 534.182, 0.360928 
7.00, 16.00, 0.055, 0.1, 0.3, 0.4, 0.020000, 0.040000, 0.029320, 9640.12, 257.607, 0.146926 
7.00, 16.00, 0.055, 0.1, 0.3, 0.4, 0.040000, 0.060000, 0.049559, 9084.71, 217.172, 0.191478 
7.00, 16.00, 0.055, 0.1, 0.3, 0.4, 0.060000, 0.080000, 0.069659, 8576.36, 187.79, 0.227129 
7.00, 16.00, 0.055, 0.1, 0.3, 0.4, 0.080000, 0.100000, 0.089716, 8111.7, 168.846, 0.257802 
7.00, 16.00, 0.055, 0.1, 0.3, 0.4, 0.100000, 0.120000, 0.109752, 7685.05, 159.249, 0.285158 
7.00, 16.00, 0.055, 0.1, 0.3, 0.4, 0.120000, 0.140000, 0.129778, 7293.26, 157.269, 0.310091 
7.00, 16.00, 0.055, 0.1, 0.3, 0.4, 0.140000, 0.170000, 0.154553, 6849.3, 162.227, 0.338450 
7.00, 16.00, 0.055, 0.1, 0.3, 0.4, 0.170000, 0.200000, 0.184599, 6373.33, 174.443, 0.369885 
7.00, 16.00, 0.055, 0.1, 0.3, 0.4, 0.200000, 0.230000, 0.214634, 5954.16, 189.414, 0.398835 
7.00, 16.00, 0.055, 0.1, 0.4, 0.6, 0.020000, 0.040000, 0.029327, 3262.59, 122.214, 0.102848 
7.00, 16.00, 0.055, 0.1, 0.4, 0.6, 0.040000, 0.060000, 0.049565, 3073.55, 105.894, 0.134034 
7.00, 16.00, 0.055, 0.1, 0.4, 0.6, 0.060000, 0.080000, 0.069665, 2898.86, 92.7001, 0.158989 
7.00, 16.00, 0.055, 0.1, 0.4, 0.6, 0.080000, 0.100000, 0.089720, 2737.09, 82.2889, 0.180460 
7.00, 16.00, 0.055, 0.1, 0.4, 0.6, 0.100000, 0.120000, 0.109755, 2587.11, 74.3344, 0.199609 
7.00, 16.00, 0.055, 0.1, 0.4, 0.6, 0.120000, 0.140000, 0.129780, 2447.9, 68.5077, 0.217062 
7.00, 16.00, 0.055, 0.1, 0.4, 0.6, 0.140000, 0.170000, 0.154556, 2288.02, 63.6888, 0.236913 
7.00, 16.00, 0.055, 0.1, 0.4, 0.6, 0.170000, 0.200000, 0.184600, 2113.48, 60.6315, 0.258918 
7.00, 16.00, 0.055, 0.1, 0.4, 0.6, 0.200000, 0.230000, 0.214632, 1956.07, 59.5543, 0.279183 
7.00, 16.00, 0.055, 0.1, 0.4, 0.6, 0.230000, 0.270000, 0.249396, 1792.13, 59.6889, 0.300993 
7.00, 16.00, 0.055, 0.1, 0.4, 0.6, 0.270000, 0.300000, 0.284684, 1645.23, 60.5835, 0.321519 
7.00, 16.00, 0.055, 0.1, 0.4, 0.6, 0.300000, 0.350000, 0.324178, 1497.34, 61.7752, 0.343205 
7.00, 16.00, 0.055, 0.1, 0.4, 0.6, 0.350000, 0.400000, 0.374233, 1335.62, 63.2359, 0.368730 
7.00, 16.00, 0.055, 0.1, 0.6, 0.8, 0.020000, 0.040000, 0.029341, 883.171, 56.5338, 0.073462 
7.00, 16.00, 0.055, 0.1, 0.6, 0.8, 0.040000, 0.060000, 0.049577, 837.672, 49.9632, 0.095738 
7.00, 16.00, 0.055, 0.1, 0.6, 0.8, 0.060000, 0.080000, 0.069677, 795.14, 44.2405, 0.113563 
7.00, 16.00, 0.055, 0.1, 0.6, 0.8, 0.080000, 0.100000, 0.089731, 755.245, 39.2876, 0.128900 
7.00, 16.00, 0.055, 0.1, 0.6, 0.8, 0.100000, 0.120000, 0.109766, 717.787, 35.0384, 0.142577 
7.00, 16.00, 0.055, 0.1, 0.6, 0.8, 0.120000, 0.140000, 0.129791, 682.611, 31.4332, 0.155044 
7.00, 16.00, 0.055, 0.1, 0.6, 0.8, 0.140000, 0.170000, 0.154578, 641.689, 27.7585, 0.169223 
7.00, 16.00, 0.055, 0.1, 0.6, 0.8, 0.170000, 0.200000, 0.184621, 596.409, 24.4043, 0.184941 
7.00, 16.00, 0.055, 0.1, 0.6, 0.8, 0.200000, 0.230000, 0.214652, 555.017, 22.0488, 0.199416 
7.00, 16.00, 0.055, 0.1, 0.6, 0.8, 0.230000, 0.270000, 0.249430, 511.196, 20.3065, 0.214994 
7.00, 16.00, 0.055, 0.1, 0.6, 0.8, 0.270000, 0.300000, 0.284701, 471.361, 19.3586, 0.229655 
7.00, 16.00, 0.055, 0.1, 0.6, 0.8, 0.300000, 0.350000, 0.324222, 430.638, 18.8793, 0.245146 
7.00, 16.00, 0.055, 0.1, 0.6, 0.8, 0.350000, 0.400000, 0.374275, 385.353, 18.77, 0.263377 
7.00, 16.00, 0.055, 0.1, 0.6, 0.8, 0.400000, 0.460000, 0.429022, 342.055, 18.85, 0.282016 
7.00, 16.00, 0.055, 0.1, 0.6, 0.8, 0.460000, 0.520000, 0.489074, 301.173, 18.9303, 0.301092 
7.00, 16.00, 0.055, 0.1, 0.6, 0.8, 0.520000, 0.600000, 0.558452, 260.665, 18.8578, 0.321826 
7.00, 16.00, 0.055, 0.1, 0.6, 0.8, 0.600000, 0.680000, 0.638532, 221.642, 18.5733, 0.344098 
7.00, 16.00, 0.055, 0.1, 0.6, 0.8, 0.680000, 0.760000, 0.718591, 189.009, 18.1097, 0.365009 
7.00, 16.00, 0.055, 0.1, 0.6, 0.8, 0.760000, 0.870000, 0.812431, 156.926, 17.411, 0.388272 
