#  Artemide prediction based on SV19 for h-.case4 at W<12. 
#  xSec is the prediction for unpolarized cross-section dSigma/dz/dpT^2 in the given bin 
#  Err is uncertanty of SV19 fit 
#  The column delta is qT/Q-parameter of TMD factorization. Computed at the central parameters of the bins. Only qT/Q<0.25 are trustfull.                    Beyond this number TMD-prediction deviates from the xSec. In the table the values up to delta=0.75 are included. Most part of COMPASS data has delta>1  
#  Q2min, Q2max, xMin, xMax, zMin, zMax, pT2min, pT2max, <pT2>, xSec, err, delta 
1.00, 1.70, 0.003, 0.013, 0.4, 0.6, 0.020000, 0.040000, 0.029500, 9580.21, 858.299, 0.296420 
1.00, 1.70, 0.003, 0.013, 0.6, 0.8, 0.020000, 0.040000, 0.029444, 2077.29, 265.998, 0.211728 
1.00, 1.70, 0.003, 0.013, 0.6, 0.8, 0.040000, 0.060000, 0.049681, 2104.25, 260.235, 0.275929 
1.00, 1.70, 0.003, 0.013, 0.6, 0.8, 0.060000, 0.080000, 0.069781, 2134.74, 254.714, 0.327303 
1.00, 1.70, 0.003, 0.013, 0.6, 0.8, 0.080000, 0.100000, 0.089836, 2168.88, 249.389, 0.371506 
1.00, 1.70, 0.013, 0.02, 0.4, 0.6, 0.020000, 0.040000, 0.029496, 0, 0, 0.296506 
1.00, 1.70, 0.013, 0.02, 0.6, 0.8, 0.020000, 0.040000, 0.029433, 0, 0, 0.211788 
1.00, 1.70, 0.013, 0.02, 0.6, 0.8, 0.040000, 0.060000, 0.049671, 0, 0, 0.276008 
1.00, 1.70, 0.013, 0.02, 0.6, 0.8, 0.060000, 0.080000, 0.069772, 0, 0, 0.327396 
1.00, 1.70, 0.013, 0.02, 0.6, 0.8, 0.080000, 0.100000, 0.089829, 0, 0, 0.371611 
1.00, 1.70, 0.02, 0.055, 0.4, 0.6, 0.020000, 0.040000, 0.029430, 0, 0, 0.296978 
1.00, 1.70, 0.02, 0.055, 0.6, 0.8, 0.020000, 0.040000, 0.029366, 0, 0, 0.212116 
1.00, 1.70, 0.02, 0.055, 0.6, 0.8, 0.040000, 0.060000, 0.049608, 0, 0, 0.276434 
1.00, 1.70, 0.02, 0.055, 0.6, 0.8, 0.060000, 0.080000, 0.069712, 0, 0, 0.327902 
1.00, 1.70, 0.02, 0.055, 0.6, 0.8, 0.080000, 0.100000, 0.089772, 0, 0, 0.372186 
1.00, 1.70, 0.055, 0.1, 0.4, 0.6, 0.020000, 0.040000, 0.029349, 0, 0, 0.298883 
1.00, 1.70, 0.055, 0.1, 0.6, 0.8, 0.020000, 0.040000, 0.029290, 0, 0, 0.213440 
1.00, 1.70, 0.055, 0.1, 0.6, 0.8, 0.040000, 0.060000, 0.049531, 0, 0, 0.278160 
1.00, 1.70, 0.055, 0.1, 0.6, 0.8, 0.060000, 0.080000, 0.069635, 0, 0, 0.329949 
1.00, 1.70, 0.055, 0.1, 0.6, 0.8, 0.080000, 0.100000, 0.089694, 0, 0, 0.374509 
1.70, 3.00, 0.003, 0.013, 0.3, 0.4, 0.020000, 0.040000, 0.029483, 14464.9, 599.373, 0.321336 
1.70, 3.00, 0.003, 0.013, 0.4, 0.6, 0.020000, 0.040000, 0.029438, 4045.53, 238.131, 0.224935 
1.70, 3.00, 0.003, 0.013, 0.4, 0.6, 0.040000, 0.060000, 0.049677, 4135.76, 235.666, 0.293141 
1.70, 3.00, 0.003, 0.013, 0.4, 0.6, 0.060000, 0.080000, 0.069778, 4240.68, 234.371, 0.347719 
1.70, 3.00, 0.003, 0.013, 0.6, 0.8, 0.020000, 0.040000, 0.029410, 910.52, 83.55, 0.160667 
1.70, 3.00, 0.003, 0.013, 0.6, 0.8, 0.040000, 0.060000, 0.049646, 907.593, 80.8149, 0.209386 
1.70, 3.00, 0.003, 0.013, 0.6, 0.8, 0.060000, 0.080000, 0.069745, 905.303, 78.1988, 0.248370 
1.70, 3.00, 0.003, 0.013, 0.6, 0.8, 0.080000, 0.100000, 0.089799, 903.479, 75.7356, 0.281913 
1.70, 3.00, 0.003, 0.013, 0.6, 0.8, 0.100000, 0.120000, 0.109834, 902.156, 73.4623, 0.311827 
1.70, 3.00, 0.003, 0.013, 0.6, 0.8, 0.120000, 0.140000, 0.129858, 901.339, 71.4242, 0.339092 
1.70, 3.00, 0.003, 0.013, 0.6, 0.8, 0.140000, 0.170000, 0.154728, 900.693, 68.6097, 0.370103 
1.70, 3.00, 0.003, 0.013, 0.6, 0.8, 0.170000, 0.200000, 0.184770, 901.911, 65.3039, 0.404478 
1.70, 3.00, 0.013, 0.02, 0.3, 0.4, 0.020000, 0.040000, 0.029542, 5358.22, 169.247, 0.321390 
1.70, 3.00, 0.013, 0.02, 0.4, 0.6, 0.020000, 0.040000, 0.029461, 1439.67, 61.4093, 0.224972 
1.70, 3.00, 0.013, 0.02, 0.4, 0.6, 0.040000, 0.060000, 0.049699, 1470.99, 62.428, 0.293189 
1.70, 3.00, 0.013, 0.02, 0.4, 0.6, 0.060000, 0.080000, 0.069799, 1505.62, 63.5078, 0.347776 
1.70, 3.00, 0.013, 0.02, 0.6, 0.8, 0.020000, 0.040000, 0.029419, 330.65, 24.2621, 0.160693 
1.70, 3.00, 0.013, 0.02, 0.6, 0.8, 0.040000, 0.060000, 0.049655, 329.342, 23.617, 0.209420 
1.70, 3.00, 0.013, 0.02, 0.6, 0.8, 0.060000, 0.080000, 0.069755, 328.225, 22.9923, 0.248411 
1.70, 3.00, 0.013, 0.02, 0.6, 0.8, 0.080000, 0.100000, 0.089809, 327.233, 22.3878, 0.281959 
1.70, 3.00, 0.013, 0.02, 0.6, 0.8, 0.100000, 0.120000, 0.109844, 326.374, 21.8059, 0.311877 
1.70, 3.00, 0.013, 0.02, 0.6, 0.8, 0.120000, 0.140000, 0.129868, 325.668, 21.248, 0.339146 
1.70, 3.00, 0.013, 0.02, 0.6, 0.8, 0.140000, 0.170000, 0.154752, 325.019, 20.5857, 0.370163 
1.70, 3.00, 0.013, 0.02, 0.6, 0.8, 0.170000, 0.200000, 0.184794, 324.59, 19.8417, 0.404544 
1.70, 3.00, 0.02, 0.055, 0.3, 0.4, 0.020000, 0.040000, 0.029508, 16.5905, 0.486541, 0.321688 
1.70, 3.00, 0.02, 0.055, 0.4, 0.6, 0.020000, 0.040000, 0.029421, 4.55868, 0.188809, 0.225173 
1.70, 3.00, 0.02, 0.055, 0.4, 0.6, 0.040000, 0.060000, 0.049661, 4.59956, 0.186334, 0.293451 
1.70, 3.00, 0.02, 0.055, 0.4, 0.6, 0.060000, 0.080000, 0.069764, 4.647, 0.184301, 0.348087 
1.70, 3.00, 0.02, 0.055, 0.6, 0.8, 0.020000, 0.040000, 0.029382, 1.05156, 0.079665, 0.160835 
1.70, 3.00, 0.02, 0.055, 0.6, 0.8, 0.040000, 0.060000, 0.049619, 1.03978, 0.0759782, 0.209604 
1.70, 3.00, 0.02, 0.055, 0.6, 0.8, 0.060000, 0.080000, 0.069720, 1.02871, 0.0724705, 0.248629 
1.70, 3.00, 0.02, 0.055, 0.6, 0.8, 0.080000, 0.100000, 0.089775, 1.01812, 0.0691414, 0.282207 
1.70, 3.00, 0.02, 0.055, 0.6, 0.8, 0.100000, 0.120000, 0.109812, 1.00803, 0.0659969, 0.312152 
1.70, 3.00, 0.02, 0.055, 0.6, 0.8, 0.120000, 0.140000, 0.129837, 0.998484, 0.0630393, 0.339445 
1.70, 3.00, 0.02, 0.055, 0.6, 0.8, 0.140000, 0.170000, 0.154687, 0.987342, 0.0596089, 0.370489 
1.70, 3.00, 0.02, 0.055, 0.6, 0.8, 0.170000, 0.200000, 0.184734, 0.975091, 0.0558647, 0.404900 
1.70, 3.00, 0.055, 0.1, 0.3, 0.4, 0.020000, 0.040000, 0.029439, 0, 0, 0.322891 
1.70, 3.00, 0.055, 0.1, 0.4, 0.6, 0.020000, 0.040000, 0.029347, 0, 0, 0.225987 
1.70, 3.00, 0.055, 0.1, 0.4, 0.6, 0.040000, 0.060000, 0.049590, 0, 0, 0.294513 
1.70, 3.00, 0.055, 0.1, 0.4, 0.6, 0.060000, 0.080000, 0.069696, 0, 0, 0.349346 
1.70, 3.00, 0.055, 0.1, 0.6, 0.8, 0.020000, 0.040000, 0.029320, 0, 0, 0.161407 
1.70, 3.00, 0.055, 0.1, 0.6, 0.8, 0.040000, 0.060000, 0.049559, 0, 0, 0.210350 
1.70, 3.00, 0.055, 0.1, 0.6, 0.8, 0.060000, 0.080000, 0.069660, 0, 0, 0.249514 
1.70, 3.00, 0.055, 0.1, 0.6, 0.8, 0.080000, 0.100000, 0.089716, 0, 0, 0.283211 
1.70, 3.00, 0.055, 0.1, 0.6, 0.8, 0.100000, 0.120000, 0.109754, 0, 0, 0.313263 
1.70, 3.00, 0.055, 0.1, 0.6, 0.8, 0.120000, 0.140000, 0.129780, 0, 0, 0.340653 
1.70, 3.00, 0.055, 0.1, 0.6, 0.8, 0.140000, 0.170000, 0.154561, 0, 0, 0.371808 
1.70, 3.00, 0.055, 0.1, 0.6, 0.8, 0.170000, 0.200000, 0.184612, 0, 0, 0.406341 
3.00, 7.00, 0.003, 0.013, 0.2, 0.3, 0.020000, 0.040000, 0.029321, 1299.01, 42.7017, 0.311965 
3.00, 7.00, 0.003, 0.013, 0.3, 0.4, 0.020000, 0.040000, 0.029347, 447.263, 14.3317, 0.222832 
3.00, 7.00, 0.003, 0.013, 0.3, 0.4, 0.040000, 0.060000, 0.049583, 456.855, 14.6415, 0.290400 
3.00, 7.00, 0.003, 0.013, 0.3, 0.4, 0.060000, 0.080000, 0.069681, 469.292, 15.0756, 0.344468 
3.00, 7.00, 0.003, 0.013, 0.3, 0.4, 0.080000, 0.100000, 0.089736, 485.342, 15.6588, 0.390989 
3.00, 7.00, 0.003, 0.013, 0.4, 0.6, 0.020000, 0.040000, 0.029376, 121.244, 5.02438, 0.155982 
3.00, 7.00, 0.003, 0.013, 0.4, 0.6, 0.040000, 0.060000, 0.049612, 121.228, 5.02329, 0.203280 
3.00, 7.00, 0.003, 0.013, 0.4, 0.6, 0.060000, 0.080000, 0.069710, 121.357, 5.02043, 0.241128 
3.00, 7.00, 0.003, 0.013, 0.4, 0.6, 0.080000, 0.100000, 0.089763, 121.65, 5.0177, 0.273692 
3.00, 7.00, 0.003, 0.013, 0.4, 0.6, 0.100000, 0.120000, 0.109797, 122.132, 5.01675, 0.302734 
3.00, 7.00, 0.003, 0.013, 0.4, 0.6, 0.120000, 0.140000, 0.129821, 122.826, 5.0191, 0.329203 
3.00, 7.00, 0.003, 0.013, 0.4, 0.6, 0.140000, 0.170000, 0.154642, 124.04, 5.0289, 0.359310 
3.00, 7.00, 0.003, 0.013, 0.6, 0.8, 0.020000, 0.040000, 0.029383, 27.6098, 1.85727, 0.111416 
3.00, 7.00, 0.003, 0.013, 0.6, 0.8, 0.040000, 0.060000, 0.049618, 27.2692, 1.80456, 0.145200 
3.00, 7.00, 0.003, 0.013, 0.6, 0.8, 0.060000, 0.080000, 0.069717, 26.9443, 1.75298, 0.172234 
3.00, 7.00, 0.003, 0.013, 0.6, 0.8, 0.080000, 0.100000, 0.089770, 26.6285, 1.7024, 0.195494 
3.00, 7.00, 0.003, 0.013, 0.6, 0.8, 0.100000, 0.120000, 0.109804, 26.3218, 1.65299, 0.216238 
3.00, 7.00, 0.003, 0.013, 0.6, 0.8, 0.120000, 0.140000, 0.129828, 26.0257, 1.60483, 0.235145 
3.00, 7.00, 0.003, 0.013, 0.6, 0.8, 0.140000, 0.170000, 0.154659, 25.6706, 1.54647, 0.256650 
3.00, 7.00, 0.003, 0.013, 0.6, 0.8, 0.170000, 0.200000, 0.184699, 25.2661, 1.47906, 0.280488 
3.00, 7.00, 0.003, 0.013, 0.6, 0.8, 0.200000, 0.230000, 0.214727, 24.8855, 1.41456, 0.302441 
3.00, 7.00, 0.003, 0.013, 0.6, 0.8, 0.230000, 0.270000, 0.249558, 24.4713, 1.34297, 0.326068 
3.00, 7.00, 0.003, 0.013, 0.6, 0.8, 0.270000, 0.300000, 0.284770, 24.0872, 1.27503, 0.348304 
3.00, 7.00, 0.003, 0.013, 0.6, 0.8, 0.300000, 0.350000, 0.324404, 23.69, 1.20189, 0.371797 
3.00, 7.00, 0.003, 0.013, 0.6, 0.8, 0.350000, 0.400000, 0.374446, 23.2501, 1.11656, 0.399448 
3.00, 7.00, 0.013, 0.02, 0.2, 0.3, 0.020000, 0.040000, 0.029435, 15603, 497.073, 0.311990 
3.00, 7.00, 0.013, 0.02, 0.3, 0.4, 0.020000, 0.040000, 0.029394, 5429.9, 160.493, 0.222849 
3.00, 7.00, 0.013, 0.02, 0.3, 0.4, 0.040000, 0.060000, 0.049634, 5526.01, 162.511, 0.290423 
3.00, 7.00, 0.013, 0.02, 0.3, 0.4, 0.060000, 0.080000, 0.069735, 5647.55, 166.261, 0.344495 
3.00, 7.00, 0.013, 0.02, 0.3, 0.4, 0.080000, 0.100000, 0.089793, 5801, 171.885, 0.391020 
3.00, 7.00, 0.013, 0.02, 0.4, 0.6, 0.020000, 0.040000, 0.029393, 1485.88, 58.1559, 0.155994 
3.00, 7.00, 0.013, 0.02, 0.4, 0.6, 0.040000, 0.060000, 0.049630, 1481.38, 57.5176, 0.203296 
3.00, 7.00, 0.013, 0.02, 0.4, 0.6, 0.060000, 0.080000, 0.069729, 1478.33, 56.9044, 0.241146 
3.00, 7.00, 0.013, 0.02, 0.4, 0.6, 0.080000, 0.100000, 0.089783, 1476.83, 56.3393, 0.273713 
3.00, 7.00, 0.013, 0.02, 0.4, 0.6, 0.100000, 0.120000, 0.109818, 1477.06, 55.8409, 0.302757 
3.00, 7.00, 0.013, 0.02, 0.4, 0.6, 0.120000, 0.140000, 0.129842, 1479.24, 55.4254, 0.329229 
3.00, 7.00, 0.013, 0.02, 0.4, 0.6, 0.140000, 0.170000, 0.154693, 1485.08, 55.0442, 0.359338 
3.00, 7.00, 0.013, 0.02, 0.6, 0.8, 0.020000, 0.040000, 0.029390, 336.123, 22.42, 0.111424 
3.00, 7.00, 0.013, 0.02, 0.6, 0.8, 0.040000, 0.060000, 0.049626, 331.236, 21.5313, 0.145211 
3.00, 7.00, 0.013, 0.02, 0.6, 0.8, 0.060000, 0.080000, 0.069725, 326.566, 20.6788, 0.172247 
3.00, 7.00, 0.013, 0.02, 0.6, 0.8, 0.080000, 0.100000, 0.089778, 322.035, 19.8611, 0.195509 
3.00, 7.00, 0.013, 0.02, 0.6, 0.8, 0.100000, 0.120000, 0.109813, 317.638, 19.0795, 0.216255 
3.00, 7.00, 0.013, 0.02, 0.6, 0.8, 0.120000, 0.140000, 0.129837, 313.389, 18.3344, 0.235163 
3.00, 7.00, 0.013, 0.02, 0.6, 0.8, 0.140000, 0.170000, 0.154680, 308.289, 17.4547, 0.256670 
3.00, 7.00, 0.013, 0.02, 0.6, 0.8, 0.170000, 0.200000, 0.184720, 302.461, 16.4708, 0.280510 
3.00, 7.00, 0.013, 0.02, 0.6, 0.8, 0.200000, 0.230000, 0.214750, 296.949, 15.5643, 0.302464 
3.00, 7.00, 0.013, 0.02, 0.6, 0.8, 0.230000, 0.270000, 0.249600, 290.905, 14.6008, 0.326093 
3.00, 7.00, 0.013, 0.02, 0.6, 0.8, 0.270000, 0.300000, 0.284794, 285.242, 13.7294, 0.348330 
3.00, 7.00, 0.013, 0.02, 0.6, 0.8, 0.300000, 0.350000, 0.324477, 279.281, 12.8424, 0.371826 
3.00, 7.00, 0.013, 0.02, 0.6, 0.8, 0.350000, 0.400000, 0.374523, 272.503, 11.8754, 0.399479 
3.00, 7.00, 0.02, 0.055, 0.2, 0.3, 0.020000, 0.040000, 0.029486, 25118.7, 769.059, 0.312128 
3.00, 7.00, 0.02, 0.055, 0.3, 0.4, 0.020000, 0.040000, 0.029404, 9072.74, 243.96, 0.222945 
3.00, 7.00, 0.02, 0.055, 0.3, 0.4, 0.040000, 0.060000, 0.049644, 9029.64, 234.647, 0.290548 
3.00, 7.00, 0.02, 0.055, 0.3, 0.4, 0.060000, 0.080000, 0.069746, 9013.4, 230.669, 0.344643 
3.00, 7.00, 0.02, 0.055, 0.3, 0.4, 0.080000, 0.100000, 0.089805, 9028.11, 231.568, 0.391188 
3.00, 7.00, 0.02, 0.055, 0.4, 0.6, 0.020000, 0.040000, 0.029382, 2550.05, 97.8739, 0.156060 
3.00, 7.00, 0.02, 0.055, 0.4, 0.6, 0.040000, 0.060000, 0.049620, 2505.73, 92.5021, 0.203382 
3.00, 7.00, 0.02, 0.055, 0.4, 0.6, 0.060000, 0.080000, 0.069720, 2464.26, 87.7159, 0.241248 
3.00, 7.00, 0.02, 0.055, 0.4, 0.6, 0.080000, 0.100000, 0.089775, 2425.71, 83.5323, 0.273829 
3.00, 7.00, 0.02, 0.055, 0.4, 0.6, 0.100000, 0.120000, 0.109810, 2390.12, 79.9506, 0.302885 
3.00, 7.00, 0.02, 0.055, 0.4, 0.6, 0.120000, 0.140000, 0.129836, 2357.54, 76.9602, 0.329368 
3.00, 7.00, 0.02, 0.055, 0.4, 0.6, 0.140000, 0.170000, 0.154681, 2321.14, 74.0229, 0.359490 
3.00, 7.00, 0.02, 0.055, 0.6, 0.8, 0.020000, 0.040000, 0.029373, 579.106, 41.0757, 0.111471 
3.00, 7.00, 0.02, 0.055, 0.6, 0.8, 0.040000, 0.060000, 0.049609, 565.56, 38.4017, 0.145272 
3.00, 7.00, 0.02, 0.055, 0.6, 0.8, 0.060000, 0.080000, 0.069709, 552.602, 35.8903, 0.172319 
3.00, 7.00, 0.02, 0.055, 0.6, 0.8, 0.080000, 0.100000, 0.089763, 540.114, 33.5349, 0.195591 
3.00, 7.00, 0.02, 0.055, 0.6, 0.8, 0.100000, 0.120000, 0.109798, 528.073, 31.334, 0.216346 
3.00, 7.00, 0.02, 0.055, 0.6, 0.8, 0.120000, 0.140000, 0.129823, 516.485, 29.2856, 0.235262 
3.00, 7.00, 0.02, 0.055, 0.6, 0.8, 0.140000, 0.170000, 0.154649, 502.629, 26.9386, 0.256778 
3.00, 7.00, 0.02, 0.055, 0.6, 0.8, 0.170000, 0.200000, 0.184692, 486.838, 24.4161, 0.280627 
3.00, 7.00, 0.02, 0.055, 0.6, 0.8, 0.200000, 0.230000, 0.214723, 471.928, 22.2109, 0.302591 
3.00, 7.00, 0.02, 0.055, 0.6, 0.8, 0.230000, 0.270000, 0.249557, 455.584, 20.0277, 0.326230 
3.00, 7.00, 0.02, 0.055, 0.6, 0.8, 0.270000, 0.300000, 0.284772, 440.229, 18.2331, 0.348477 
3.00, 7.00, 0.02, 0.055, 0.6, 0.8, 0.300000, 0.350000, 0.324422, 423.942, 16.6405, 0.371982 
3.00, 7.00, 0.02, 0.055, 0.6, 0.8, 0.350000, 0.400000, 0.374476, 405.147, 15.2427, 0.399646 
3.00, 7.00, 0.055, 0.1, 0.2, 0.3, 0.020000, 0.040000, 0.029452, 0, 0, 0.312689 
3.00, 7.00, 0.055, 0.1, 0.3, 0.4, 0.020000, 0.040000, 0.029358, 0, 0, 0.223334 
3.00, 7.00, 0.055, 0.1, 0.3, 0.4, 0.040000, 0.060000, 0.049600, 0, 0, 0.291054 
3.00, 7.00, 0.055, 0.1, 0.3, 0.4, 0.060000, 0.080000, 0.069705, 0, 0, 0.345244 
3.00, 7.00, 0.055, 0.1, 0.3, 0.4, 0.080000, 0.100000, 0.089766, 0, 0, 0.391869 
3.00, 7.00, 0.055, 0.1, 0.4, 0.6, 0.020000, 0.040000, 0.029331, 0, 0, 0.156328 
3.00, 7.00, 0.055, 0.1, 0.4, 0.6, 0.040000, 0.060000, 0.049571, 0, 0, 0.203730 
3.00, 7.00, 0.055, 0.1, 0.4, 0.6, 0.060000, 0.080000, 0.069672, 0, 0, 0.241662 
3.00, 7.00, 0.055, 0.1, 0.4, 0.6, 0.080000, 0.100000, 0.089728, 0, 0, 0.274298 
3.00, 7.00, 0.055, 0.1, 0.4, 0.6, 0.100000, 0.120000, 0.109766, 0, 0, 0.303404 
3.00, 7.00, 0.055, 0.1, 0.4, 0.6, 0.120000, 0.140000, 0.129792, 0, 0, 0.329932 
3.00, 7.00, 0.055, 0.1, 0.4, 0.6, 0.140000, 0.170000, 0.154587, 0, 0, 0.360106 
3.00, 7.00, 0.055, 0.1, 0.6, 0.8, 0.020000, 0.040000, 0.029329, 0, 0, 0.111661 
3.00, 7.00, 0.055, 0.1, 0.6, 0.8, 0.040000, 0.060000, 0.049566, 0, 0, 0.145519 
3.00, 7.00, 0.055, 0.1, 0.6, 0.8, 0.060000, 0.080000, 0.069666, 0, 0, 0.172612 
3.00, 7.00, 0.055, 0.1, 0.6, 0.8, 0.080000, 0.100000, 0.089721, 0, 0, 0.195924 
3.00, 7.00, 0.055, 0.1, 0.6, 0.8, 0.100000, 0.120000, 0.109757, 0, 0, 0.216713 
3.00, 7.00, 0.055, 0.1, 0.6, 0.8, 0.120000, 0.140000, 0.129782, 0, 0, 0.235662 
3.00, 7.00, 0.055, 0.1, 0.6, 0.8, 0.140000, 0.170000, 0.154559, 0, 0, 0.257214 
3.00, 7.00, 0.055, 0.1, 0.6, 0.8, 0.170000, 0.200000, 0.184603, 0, 0, 0.281104 
3.00, 7.00, 0.055, 0.1, 0.6, 0.8, 0.200000, 0.230000, 0.214637, 0, 0, 0.303106 
3.00, 7.00, 0.055, 0.1, 0.6, 0.8, 0.230000, 0.270000, 0.249406, 0, 0, 0.326784 
3.00, 7.00, 0.055, 0.1, 0.6, 0.8, 0.270000, 0.300000, 0.284689, 0, 0, 0.349069 
3.00, 7.00, 0.055, 0.1, 0.6, 0.8, 0.300000, 0.350000, 0.324197, 0, 0, 0.372614 
3.00, 7.00, 0.055, 0.1, 0.6, 0.8, 0.350000, 0.400000, 0.374258, 0, 0, 0.400326 
7.00, 16.00, 0.003, 0.013, 0.2, 0.3, 0.020000, 0.040000, 0.029350, 0, 0, 0.205500 
7.00, 16.00, 0.003, 0.013, 0.2, 0.3, 0.040000, 0.060000, 0.049590, 0, 0, 0.267812 
7.00, 16.00, 0.003, 0.013, 0.2, 0.3, 0.060000, 0.080000, 0.069689, 0, 0, 0.317675 
7.00, 16.00, 0.003, 0.013, 0.2, 0.3, 0.080000, 0.100000, 0.089744, 0, 0, 0.360577 
7.00, 16.00, 0.003, 0.013, 0.3, 0.4, 0.020000, 0.040000, 0.029366, 0, 0, 0.146785 
7.00, 16.00, 0.003, 0.013, 0.3, 0.4, 0.040000, 0.060000, 0.049602, 0, 0, 0.191295 
7.00, 16.00, 0.003, 0.013, 0.3, 0.4, 0.060000, 0.080000, 0.069700, 0, 0, 0.226911 
7.00, 16.00, 0.003, 0.013, 0.3, 0.4, 0.080000, 0.100000, 0.089755, 0, 0, 0.257555 
7.00, 16.00, 0.003, 0.013, 0.3, 0.4, 0.100000, 0.120000, 0.109789, 0, 0, 0.284884 
7.00, 16.00, 0.003, 0.013, 0.3, 0.4, 0.120000, 0.140000, 0.129813, 0, 0, 0.309793 
7.00, 16.00, 0.003, 0.013, 0.3, 0.4, 0.140000, 0.170000, 0.154626, 0, 0, 0.338126 
7.00, 16.00, 0.003, 0.013, 0.3, 0.4, 0.170000, 0.200000, 0.184667, 0, 0, 0.369531 
7.00, 16.00, 0.003, 0.013, 0.3, 0.4, 0.200000, 0.230000, 0.214696, 0, 0, 0.398453 
7.00, 16.00, 0.003, 0.013, 0.4, 0.6, 0.020000, 0.040000, 0.029387, 0, 0, 0.102750 
7.00, 16.00, 0.003, 0.013, 0.4, 0.6, 0.040000, 0.060000, 0.049623, 0, 0, 0.133906 
7.00, 16.00, 0.003, 0.013, 0.4, 0.6, 0.060000, 0.080000, 0.069721, 0, 0, 0.158837 
7.00, 16.00, 0.003, 0.013, 0.4, 0.6, 0.080000, 0.100000, 0.089774, 0, 0, 0.180289 
7.00, 16.00, 0.003, 0.013, 0.4, 0.6, 0.100000, 0.120000, 0.109808, 0, 0, 0.199419 
7.00, 16.00, 0.003, 0.013, 0.4, 0.6, 0.120000, 0.140000, 0.129831, 0, 0, 0.216855 
7.00, 16.00, 0.003, 0.013, 0.4, 0.6, 0.140000, 0.170000, 0.154667, 0, 0, 0.236688 
7.00, 16.00, 0.003, 0.013, 0.4, 0.6, 0.170000, 0.200000, 0.184707, 0, 0, 0.258671 
7.00, 16.00, 0.003, 0.013, 0.4, 0.6, 0.200000, 0.230000, 0.214734, 0, 0, 0.278917 
7.00, 16.00, 0.003, 0.013, 0.4, 0.6, 0.230000, 0.270000, 0.249569, 0, 0, 0.300706 
7.00, 16.00, 0.003, 0.013, 0.4, 0.6, 0.270000, 0.300000, 0.284777, 0, 0, 0.321212 
7.00, 16.00, 0.003, 0.013, 0.4, 0.6, 0.300000, 0.350000, 0.324425, 0, 0, 0.342878 
7.00, 16.00, 0.003, 0.013, 0.4, 0.6, 0.350000, 0.400000, 0.374466, 0, 0, 0.368379 
7.00, 16.00, 0.003, 0.013, 0.6, 0.8, 0.020000, 0.040000, 0.029393, 0, 0, 0.073393 
7.00, 16.00, 0.003, 0.013, 0.6, 0.8, 0.040000, 0.060000, 0.049627, 0, 0, 0.095647 
7.00, 16.00, 0.003, 0.013, 0.6, 0.8, 0.060000, 0.080000, 0.069727, 0, 0, 0.113455 
7.00, 16.00, 0.003, 0.013, 0.6, 0.8, 0.080000, 0.100000, 0.089780, 0, 0, 0.128778 
7.00, 16.00, 0.003, 0.013, 0.6, 0.8, 0.100000, 0.120000, 0.109814, 0, 0, 0.142442 
7.00, 16.00, 0.003, 0.013, 0.6, 0.8, 0.120000, 0.140000, 0.129837, 0, 0, 0.154897 
7.00, 16.00, 0.003, 0.013, 0.6, 0.8, 0.140000, 0.170000, 0.154680, 0, 0, 0.169063 
7.00, 16.00, 0.003, 0.013, 0.6, 0.8, 0.170000, 0.200000, 0.184720, 0, 0, 0.184765 
7.00, 16.00, 0.003, 0.013, 0.6, 0.8, 0.200000, 0.230000, 0.214749, 0, 0, 0.199226 
7.00, 16.00, 0.003, 0.013, 0.6, 0.8, 0.230000, 0.270000, 0.249597, 0, 0, 0.214790 
7.00, 16.00, 0.003, 0.013, 0.6, 0.8, 0.270000, 0.300000, 0.284792, 0, 0, 0.229437 
7.00, 16.00, 0.003, 0.013, 0.6, 0.8, 0.300000, 0.350000, 0.324466, 0, 0, 0.244913 
7.00, 16.00, 0.003, 0.013, 0.6, 0.8, 0.350000, 0.400000, 0.374509, 0, 0, 0.263128 
7.00, 16.00, 0.003, 0.013, 0.6, 0.8, 0.400000, 0.460000, 0.429345, 0, 0, 0.281749 
7.00, 16.00, 0.003, 0.013, 0.6, 0.8, 0.460000, 0.520000, 0.489384, 0, 0, 0.300806 
7.00, 16.00, 0.003, 0.013, 0.6, 0.8, 0.520000, 0.600000, 0.558978, 0, 0, 0.321521 
7.00, 16.00, 0.003, 0.013, 0.6, 0.8, 0.600000, 0.680000, 0.639037, 0, 0, 0.343772 
7.00, 16.00, 0.003, 0.013, 0.6, 0.8, 0.680000, 0.760000, 0.719080, 0, 0, 0.364662 
7.00, 16.00, 0.003, 0.013, 0.6, 0.8, 0.760000, 0.870000, 0.813334, 0, 0, 0.387903 
7.00, 16.00, 0.013, 0.02, 0.2, 0.3, 0.020000, 0.040000, 0.029315, 0, 0, 0.205507 
7.00, 16.00, 0.013, 0.02, 0.2, 0.3, 0.040000, 0.060000, 0.049554, 0, 0, 0.267822 
7.00, 16.00, 0.013, 0.02, 0.2, 0.3, 0.060000, 0.080000, 0.069652, 0, 0, 0.317686 
7.00, 16.00, 0.013, 0.02, 0.2, 0.3, 0.080000, 0.100000, 0.089707, 0, 0, 0.360590 
7.00, 16.00, 0.013, 0.02, 0.3, 0.4, 0.020000, 0.040000, 0.029343, 0, 0, 0.146790 
7.00, 16.00, 0.013, 0.02, 0.3, 0.4, 0.040000, 0.060000, 0.049580, 0, 0, 0.191301 
7.00, 16.00, 0.013, 0.02, 0.3, 0.4, 0.060000, 0.080000, 0.069678, 0, 0, 0.226918 
7.00, 16.00, 0.013, 0.02, 0.3, 0.4, 0.080000, 0.100000, 0.089733, 0, 0, 0.257564 
7.00, 16.00, 0.013, 0.02, 0.3, 0.4, 0.100000, 0.120000, 0.109766, 0, 0, 0.284894 
7.00, 16.00, 0.013, 0.02, 0.3, 0.4, 0.120000, 0.140000, 0.129790, 0, 0, 0.309804 
7.00, 16.00, 0.013, 0.02, 0.3, 0.4, 0.140000, 0.170000, 0.154575, 0, 0, 0.338137 
7.00, 16.00, 0.013, 0.02, 0.3, 0.4, 0.170000, 0.200000, 0.184615, 0, 0, 0.369543 
7.00, 16.00, 0.013, 0.02, 0.3, 0.4, 0.200000, 0.230000, 0.214644, 0, 0, 0.398466 
7.00, 16.00, 0.013, 0.02, 0.4, 0.6, 0.020000, 0.040000, 0.029372, 0, 0, 0.102753 
7.00, 16.00, 0.013, 0.02, 0.4, 0.6, 0.040000, 0.060000, 0.049608, 0, 0, 0.133911 
7.00, 16.00, 0.013, 0.02, 0.4, 0.6, 0.060000, 0.080000, 0.069706, 0, 0, 0.158843 
7.00, 16.00, 0.013, 0.02, 0.4, 0.6, 0.080000, 0.100000, 0.089759, 0, 0, 0.180295 
7.00, 16.00, 0.013, 0.02, 0.4, 0.6, 0.100000, 0.120000, 0.109794, 0, 0, 0.199426 
7.00, 16.00, 0.013, 0.02, 0.4, 0.6, 0.120000, 0.140000, 0.129817, 0, 0, 0.216863 
7.00, 16.00, 0.013, 0.02, 0.4, 0.6, 0.140000, 0.170000, 0.154635, 0, 0, 0.236696 
7.00, 16.00, 0.013, 0.02, 0.4, 0.6, 0.170000, 0.200000, 0.184675, 0, 0, 0.258680 
7.00, 16.00, 0.013, 0.02, 0.4, 0.6, 0.200000, 0.230000, 0.214703, 0, 0, 0.278926 
7.00, 16.00, 0.013, 0.02, 0.4, 0.6, 0.230000, 0.270000, 0.249514, 0, 0, 0.300716 
7.00, 16.00, 0.013, 0.02, 0.4, 0.6, 0.270000, 0.300000, 0.284746, 0, 0, 0.321223 
7.00, 16.00, 0.013, 0.02, 0.4, 0.6, 0.300000, 0.350000, 0.324339, 0, 0, 0.342890 
7.00, 16.00, 0.013, 0.02, 0.4, 0.6, 0.350000, 0.400000, 0.374381, 0, 0, 0.368391 
7.00, 16.00, 0.013, 0.02, 0.6, 0.8, 0.020000, 0.040000, 0.029384, 0, 0, 0.073395 
7.00, 16.00, 0.013, 0.02, 0.6, 0.8, 0.040000, 0.060000, 0.049619, 0, 0, 0.095650 
7.00, 16.00, 0.013, 0.02, 0.6, 0.8, 0.060000, 0.080000, 0.069718, 0, 0, 0.113459 
7.00, 16.00, 0.013, 0.02, 0.6, 0.8, 0.080000, 0.100000, 0.089771, 0, 0, 0.128782 
7.00, 16.00, 0.013, 0.02, 0.6, 0.8, 0.100000, 0.120000, 0.109806, 0, 0, 0.142447 
7.00, 16.00, 0.013, 0.02, 0.6, 0.8, 0.120000, 0.140000, 0.129829, 0, 0, 0.154902 
7.00, 16.00, 0.013, 0.02, 0.6, 0.8, 0.140000, 0.170000, 0.154663, 0, 0, 0.169068 
7.00, 16.00, 0.013, 0.02, 0.6, 0.8, 0.170000, 0.200000, 0.184703, 0, 0, 0.184771 
7.00, 16.00, 0.013, 0.02, 0.6, 0.8, 0.200000, 0.230000, 0.214731, 0, 0, 0.199233 
7.00, 16.00, 0.013, 0.02, 0.6, 0.8, 0.230000, 0.270000, 0.249566, 0, 0, 0.214797 
7.00, 16.00, 0.013, 0.02, 0.6, 0.8, 0.270000, 0.300000, 0.284775, 0, 0, 0.229445 
7.00, 16.00, 0.013, 0.02, 0.6, 0.8, 0.300000, 0.350000, 0.324419, 0, 0, 0.244921 
7.00, 16.00, 0.013, 0.02, 0.6, 0.8, 0.350000, 0.400000, 0.374463, 0, 0, 0.263136 
7.00, 16.00, 0.013, 0.02, 0.6, 0.8, 0.400000, 0.460000, 0.429279, 0, 0, 0.281758 
7.00, 16.00, 0.013, 0.02, 0.6, 0.8, 0.460000, 0.520000, 0.489318, 0, 0, 0.300816 
7.00, 16.00, 0.013, 0.02, 0.6, 0.8, 0.520000, 0.600000, 0.558863, 0, 0, 0.321531 
7.00, 16.00, 0.013, 0.02, 0.6, 0.8, 0.600000, 0.680000, 0.638923, 0, 0, 0.343783 
7.00, 16.00, 0.013, 0.02, 0.6, 0.8, 0.680000, 0.760000, 0.718967, 0, 0, 0.364674 
7.00, 16.00, 0.013, 0.02, 0.6, 0.8, 0.760000, 0.870000, 0.813119, 0, 0, 0.387916 
7.00, 16.00, 0.02, 0.055, 0.2, 0.3, 0.020000, 0.040000, 0.029344, 10259.4, 314.736, 0.205545 
7.00, 16.00, 0.02, 0.055, 0.2, 0.3, 0.040000, 0.060000, 0.049586, 10062.3, 300.196, 0.267871 
7.00, 16.00, 0.02, 0.055, 0.2, 0.3, 0.060000, 0.080000, 0.069686, 9912.64, 295.314, 0.317745 
7.00, 16.00, 0.02, 0.055, 0.2, 0.3, 0.080000, 0.100000, 0.089744, 9815.38, 298.851, 0.360657 
7.00, 16.00, 0.02, 0.055, 0.3, 0.4, 0.020000, 0.040000, 0.029345, 3860.75, 104.211, 0.146817 
7.00, 16.00, 0.02, 0.055, 0.3, 0.4, 0.040000, 0.060000, 0.049583, 3708.08, 93.991, 0.191336 
7.00, 16.00, 0.02, 0.055, 0.3, 0.4, 0.060000, 0.080000, 0.069682, 3566.89, 86.7714, 0.226960 
7.00, 16.00, 0.02, 0.055, 0.3, 0.4, 0.080000, 0.100000, 0.089738, 3436.84, 82.2711, 0.257611 
7.00, 16.00, 0.02, 0.055, 0.3, 0.4, 0.100000, 0.120000, 0.109773, 3316.39, 80.0722, 0.284946 
7.00, 16.00, 0.02, 0.055, 0.3, 0.4, 0.120000, 0.140000, 0.129798, 3205.04, 79.7004, 0.309861 
7.00, 16.00, 0.02, 0.055, 0.3, 0.4, 0.140000, 0.170000, 0.154597, 3078.09, 81.0467, 0.338199 
7.00, 16.00, 0.02, 0.055, 0.3, 0.4, 0.170000, 0.200000, 0.184641, 2941.46, 84.2923, 0.369611 
7.00, 16.00, 0.02, 0.055, 0.3, 0.4, 0.200000, 0.230000, 0.214674, 2821.07, 88.3771, 0.398539 
7.00, 16.00, 0.02, 0.055, 0.4, 0.6, 0.020000, 0.040000, 0.029362, 1109.48, 43.2839, 0.102772 
7.00, 16.00, 0.02, 0.055, 0.4, 0.6, 0.040000, 0.060000, 0.049598, 1067.08, 39.136, 0.133935 
7.00, 16.00, 0.02, 0.055, 0.4, 0.6, 0.060000, 0.080000, 0.069697, 1027.07, 35.5071, 0.158872 
7.00, 16.00, 0.02, 0.055, 0.4, 0.6, 0.080000, 0.100000, 0.089751, 989.247, 32.368, 0.180327 
7.00, 16.00, 0.02, 0.055, 0.4, 0.6, 0.100000, 0.120000, 0.109786, 953.49, 29.6987, 0.199462 
7.00, 16.00, 0.02, 0.055, 0.4, 0.6, 0.120000, 0.140000, 0.129810, 919.679, 27.4775, 0.216902 
7.00, 16.00, 0.02, 0.055, 0.4, 0.6, 0.140000, 0.170000, 0.154621, 880.016, 25.2958, 0.236739 
7.00, 16.00, 0.02, 0.055, 0.4, 0.6, 0.170000, 0.200000, 0.184663, 835.71, 23.4515, 0.258727 
7.00, 16.00, 0.02, 0.055, 0.4, 0.6, 0.200000, 0.230000, 0.214693, 794.728, 22.3286, 0.278977 
7.00, 16.00, 0.02, 0.055, 0.4, 0.6, 0.230000, 0.270000, 0.249501, 750.95, 21.7209, 0.300771 
7.00, 16.00, 0.02, 0.055, 0.4, 0.6, 0.270000, 0.300000, 0.284741, 710.725, 21.6347, 0.321282 
7.00, 16.00, 0.02, 0.055, 0.4, 0.6, 0.300000, 0.350000, 0.324331, 669.071, 21.8854, 0.342952 
7.00, 16.00, 0.02, 0.055, 0.4, 0.6, 0.350000, 0.400000, 0.374380, 622.223, 22.4261, 0.368458 
7.00, 16.00, 0.02, 0.055, 0.6, 0.8, 0.020000, 0.040000, 0.029371, 248.65, 17.1576, 0.073408 
7.00, 16.00, 0.02, 0.055, 0.6, 0.8, 0.040000, 0.060000, 0.049607, 239.97, 15.7333, 0.095668 
7.00, 16.00, 0.02, 0.055, 0.6, 0.8, 0.060000, 0.080000, 0.069706, 231.728, 14.4174, 0.113480 
7.00, 16.00, 0.02, 0.055, 0.6, 0.8, 0.080000, 0.100000, 0.089760, 223.851, 13.2073, 0.128805 
7.00, 16.00, 0.02, 0.055, 0.6, 0.8, 0.100000, 0.120000, 0.109794, 216.311, 12.0944, 0.142473 
7.00, 16.00, 0.02, 0.055, 0.6, 0.8, 0.120000, 0.140000, 0.129818, 209.07, 11.0691, 0.154930 
7.00, 16.00, 0.02, 0.055, 0.6, 0.8, 0.140000, 0.170000, 0.154639, 200.523, 9.92091, 0.169099 
7.00, 16.00, 0.02, 0.055, 0.6, 0.8, 0.170000, 0.200000, 0.184680, 190.856, 8.71371, 0.184805 
7.00, 16.00, 0.02, 0.055, 0.6, 0.8, 0.200000, 0.230000, 0.214710, 181.801, 7.68754, 0.199269 
7.00, 16.00, 0.02, 0.055, 0.6, 0.8, 0.230000, 0.270000, 0.249531, 171.957, 6.70992, 0.214836 
7.00, 16.00, 0.02, 0.055, 0.6, 0.8, 0.270000, 0.300000, 0.284756, 162.773, 5.95085, 0.229487 
7.00, 16.00, 0.02, 0.055, 0.6, 0.8, 0.300000, 0.350000, 0.324371, 153.101, 5.33882, 0.244966 
7.00, 16.00, 0.02, 0.055, 0.6, 0.8, 0.350000, 0.400000, 0.374419, 142.008, 4.89807, 0.263184 
7.00, 16.00, 0.02, 0.055, 0.6, 0.8, 0.400000, 0.460000, 0.429224, 131.004, 4.73022, 0.281809 
7.00, 16.00, 0.02, 0.055, 0.6, 0.8, 0.460000, 0.520000, 0.489271, 120.224, 4.77721, 0.300871 
7.00, 16.00, 0.02, 0.055, 0.6, 0.8, 0.520000, 0.600000, 0.558792, 109.087, 4.95654, 0.321590 
7.00, 16.00, 0.02, 0.055, 0.6, 0.8, 0.600000, 0.680000, 0.638866, 97.8759, 5.18355, 0.343845 
7.00, 16.00, 0.02, 0.055, 0.6, 0.8, 0.680000, 0.760000, 0.718923, 88.0543, 5.35419, 0.364741 
7.00, 16.00, 0.02, 0.055, 0.6, 0.8, 0.760000, 0.870000, 0.813061, 77.9086, 5.44908, 0.387987 
7.00, 16.00, 0.055, 0.1, 0.2, 0.3, 0.020000, 0.040000, 0.029348, 5287.19, 160.176, 0.205700 
7.00, 16.00, 0.055, 0.1, 0.2, 0.3, 0.040000, 0.060000, 0.049590, 5061.75, 144.962, 0.268073 
7.00, 16.00, 0.055, 0.1, 0.2, 0.3, 0.060000, 0.080000, 0.069691, 4859.12, 135.896, 0.317984 
7.00, 16.00, 0.055, 0.1, 0.2, 0.3, 0.080000, 0.100000, 0.089750, 4679.4, 132.251, 0.360928 
7.00, 16.00, 0.055, 0.1, 0.3, 0.4, 0.020000, 0.040000, 0.029327, 2051.07, 54.9597, 0.146926 
7.00, 16.00, 0.055, 0.1, 0.3, 0.4, 0.040000, 0.060000, 0.049566, 1939.3, 47.6686, 0.191478 
7.00, 16.00, 0.055, 0.1, 0.3, 0.4, 0.060000, 0.080000, 0.069666, 1836.13, 42.3117, 0.227129 
7.00, 16.00, 0.055, 0.1, 0.3, 0.4, 0.080000, 0.100000, 0.089723, 1741.04, 38.7148, 0.257802 
7.00, 16.00, 0.055, 0.1, 0.3, 0.4, 0.100000, 0.120000, 0.109759, 1652.93, 36.6355, 0.285158 
7.00, 16.00, 0.055, 0.1, 0.3, 0.4, 0.120000, 0.140000, 0.129785, 1571.28, 35.7769, 0.310091 
7.00, 16.00, 0.055, 0.1, 0.3, 0.4, 0.140000, 0.170000, 0.154569, 1477.73, 35.9232, 0.338450 
7.00, 16.00, 0.055, 0.1, 0.3, 0.4, 0.170000, 0.200000, 0.184615, 1376.1, 37.181, 0.369885 
7.00, 16.00, 0.055, 0.1, 0.3, 0.4, 0.200000, 0.230000, 0.214651, 1285.02, 38.9699, 0.398835 
7.00, 16.00, 0.055, 0.1, 0.4, 0.6, 0.020000, 0.040000, 0.029333, 607.875, 23.1801, 0.102848 
7.00, 16.00, 0.055, 0.1, 0.4, 0.6, 0.040000, 0.060000, 0.049571, 577.121, 20.3913, 0.134034 
7.00, 16.00, 0.055, 0.1, 0.4, 0.6, 0.060000, 0.080000, 0.069671, 548.41, 18.047, 0.158989 
7.00, 16.00, 0.055, 0.1, 0.4, 0.6, 0.080000, 0.100000, 0.089726, 521.559, 16.1068, 0.180460 
7.00, 16.00, 0.055, 0.1, 0.4, 0.6, 0.100000, 0.120000, 0.109761, 496.43, 14.5338, 0.199609 
7.00, 16.00, 0.055, 0.1, 0.4, 0.6, 0.120000, 0.140000, 0.129786, 472.893, 13.2917, 0.217062 
7.00, 16.00, 0.055, 0.1, 0.4, 0.6, 0.140000, 0.170000, 0.154569, 445.574, 12.1487, 0.236913 
7.00, 16.00, 0.055, 0.1, 0.4, 0.6, 0.170000, 0.200000, 0.184613, 415.408, 11.2669, 0.258918 
7.00, 16.00, 0.055, 0.1, 0.4, 0.6, 0.200000, 0.230000, 0.214645, 387.856, 10.7918, 0.279183 
7.00, 16.00, 0.055, 0.1, 0.4, 0.6, 0.230000, 0.270000, 0.249419, 358.779, 10.578, 0.300993 
7.00, 16.00, 0.055, 0.1, 0.4, 0.6, 0.270000, 0.300000, 0.284697, 332.379, 10.5821, 0.321519 
7.00, 16.00, 0.055, 0.1, 0.4, 0.6, 0.300000, 0.350000, 0.324214, 305.42, 10.6937, 0.343205 
7.00, 16.00, 0.055, 0.1, 0.4, 0.6, 0.350000, 0.400000, 0.374270, 275.447, 10.8813, 0.368730 
7.00, 16.00, 0.055, 0.1, 0.6, 0.8, 0.020000, 0.040000, 0.029344, 137.545, 9.0939, 0.073462 
7.00, 16.00, 0.055, 0.1, 0.6, 0.8, 0.040000, 0.060000, 0.049580, 131.481, 8.1473, 0.095738 
7.00, 16.00, 0.055, 0.1, 0.6, 0.8, 0.060000, 0.080000, 0.069680, 125.771, 7.30177, 0.113563 
7.00, 16.00, 0.055, 0.1, 0.6, 0.8, 0.080000, 0.100000, 0.089734, 120.369, 6.54899, 0.128900 
7.00, 16.00, 0.055, 0.1, 0.6, 0.8, 0.100000, 0.120000, 0.109769, 115.251, 5.88219, 0.142577 
7.00, 16.00, 0.055, 0.1, 0.6, 0.8, 0.120000, 0.140000, 0.129794, 110.405, 5.29519, 0.155044 
7.00, 16.00, 0.055, 0.1, 0.6, 0.8, 0.140000, 0.170000, 0.154584, 104.714, 4.66717, 0.169223 
7.00, 16.00, 0.055, 0.1, 0.6, 0.8, 0.170000, 0.200000, 0.184627, 98.3534, 4.05103, 0.184941 
7.00, 16.00, 0.055, 0.1, 0.6, 0.8, 0.200000, 0.230000, 0.214658, 92.472, 3.57349, 0.199416 
7.00, 16.00, 0.055, 0.1, 0.6, 0.8, 0.230000, 0.270000, 0.249441, 86.1674, 3.17141, 0.214994 
7.00, 16.00, 0.055, 0.1, 0.6, 0.8, 0.270000, 0.300000, 0.284707, 80.3666, 2.90841, 0.229655 
7.00, 16.00, 0.055, 0.1, 0.6, 0.8, 0.300000, 0.350000, 0.324238, 74.3533, 2.74018, 0.245146 
7.00, 16.00, 0.055, 0.1, 0.6, 0.8, 0.350000, 0.400000, 0.374291, 67.5704, 2.6619, 0.263377 
7.00, 16.00, 0.055, 0.1, 0.6, 0.8, 0.400000, 0.460000, 0.429045, 60.9753, 2.66359, 0.282016 
7.00, 16.00, 0.055, 0.1, 0.6, 0.8, 0.460000, 0.520000, 0.489097, 54.6429, 2.70227, 0.301092 
7.00, 16.00, 0.055, 0.1, 0.6, 0.8, 0.520000, 0.600000, 0.558493, 48.2528, 2.74222, 0.321826 
7.00, 16.00, 0.055, 0.1, 0.6, 0.8, 0.600000, 0.680000, 0.638574, 41.9776, 2.76022, 0.344098 
7.00, 16.00, 0.055, 0.1, 0.6, 0.8, 0.680000, 0.760000, 0.718635, 36.624, 2.74087, 0.365009 
7.00, 16.00, 0.055, 0.1, 0.6, 0.8, 0.760000, 0.870000, 0.812516, 31.254, 2.67693, 0.388272 
